ID,train_number,planned_arrival,planned_departure,planned_platform,planned_status,category_train,train,path,eva_nr,station_name,station_state,station_city,station_zipcode,station_long,station_lat,station_category,changed_arrival,changed_platform_arrival,changed_departure,changed_platform_departure,message_status,priority,info,arrival_hidden,departure_hidden,arrival_path,departure_path,arrival_status,departure_status,arrival_delay_m,departure_delay_m
-8108385215609287130-2506080646-24,7110,2506080749,2506080750,4,,S,1,Herrenberg|Nufringen|Gärtringen|Ehningen(b Böblingen)|Hulb|Böblingen|Goldberg(Württ)|Stuttgart-Rohr|Stuttgart-Vaihingen|Stuttgart-Österfeld|Stuttgart Universität|Stuttgart Schwabstr.|Stuttgart Feuersee|Stuttgart Stadtmitte|Stuttgart Hbf (tief)|Stuttgart-Bad Cannstatt|Stuttgart Neckarpark|Stuttgart-Untertürkheim|Stuttgart-Obertürkheim|Esslingen-Mettingen|Esslingen(Neckar)|Oberesslingen|Esslingen-Zell,8000508,Altbach,Baden-Württemberg,Altbach,73776,9.382434033,48.72031354,3,2506080753,,2506080754,,,,,,,,,,,4.0,4.0
-7709757529463307534-2506080720-6,7113,2506080740,2506080740,3,,S,1,Kirchheim(Teck)|Kirchheim(Teck)-Ötlingen|Wendlingen(Neckar)|Wernau(Neckar)|Plochingen,8000508,Altbach,Baden-Württemberg,Altbach,73776,9.382434033,48.72031354,3,2506080740,,2506080740,,,,,,,,,,,0.0,0.0
-6655970972115007016-2506080650-6,7111,2506080710,2506080710,3,,S,1,Kirchheim(Teck)|Kirchheim(Teck)-Ötlingen|Wendlingen(Neckar)|Wernau(Neckar)|Plochingen,8000508,Altbach,Baden-Württemberg,Altbach,73776,9.382434033,48.72031354,3,2506080710,,2506080710,,,,,,,,,,,0.0,0.0
2798033046917737648-2506080616-24,7108,2506080719,2506080720,4,,S,1,Herrenberg|Nufringen|Gärtringen|Ehningen(b Böblingen)|Hulb|Böblingen|Goldberg(Württ)|Stuttgart-Rohr|Stuttgart-Vaihingen|Stuttgart-Österfeld|Stuttgart Universität|Stuttgart Schwabstr.|Stuttgart Feuersee|Stuttgart Stadtmitte|Stuttgart Hbf (tief)|Stuttgart-Bad Cannstatt|Stuttgart Neckarpark|Stuttgart-Untertürkheim|Stuttgart-Obertürkheim|Esslingen-Mettingen|Esslingen(Neckar)|Oberesslingen|Esslingen-Zell,8000508,Altbach,Baden-Württemberg,Altbach,73776,9.382434033,48.72031354,3,2506080725,,2506080725,,,,,,,,,,,6.0,5.0
-2856928912084347734-2506080722-10,7510,2506080747,2506080747,4,,S,5,Stuttgart Schwabstr.|Stuttgart Feuersee|Stuttgart Stadtmitte|Stuttgart Hbf (tief)|Stuttgart Nord|Stuttgart-Feuerbach|Stuttgart-Zuffenhausen|Kornwestheim Pbf|Ludwigsburg,8000630,Asperg,Baden-Württemberg,Asperg,71679,9.147977466,48.90725609,4,2506080747,,2506080747,,,,,,,,,,,0.0,0.0
-5856161558368495320-2506080737-3,7513,2506080742,2506080743,3,,S,5,Bietigheim-Bissingen|Tamm(Württ),8000630,Asperg,Baden-Württemberg,Asperg,71679,9.147977466,48.90725609,4,2506080743,,2506080743,,,,,,,,,,,1.0,0.0
7155033421118958991-2506080707-3,7511,2506080712,2506080713,3,,S,5,Bietigheim-Bissingen|Tamm(Württ),8000630,Asperg,Baden-Württemberg,Asperg,71679,9.147977466,48.90725609,4,2506080713,,2506080714,,,,,,,,,,,1.0,1.0
4826883919594967427-2506080648-23,7308,2506080748,,5,,S,,Stuttgart Flughafen/Messe|Echterdingen|Leinfelden|Oberaichen|Stuttgart-Rohr|Stuttgart-Vaihingen|Stuttgart-Österfeld|Stuttgart Universität|Stuttgart Schwabstr.|Stuttgart Feuersee|Stuttgart Stadtmitte|Stuttgart Hbf (tief)|Stuttgart-Bad Cannstatt|Stuttgart Nürnberger Str.|Stuttgart-Sommerrain|Fellbach|Waiblingen|Neustadt-Hohenacker|Schwaikheim|Winnenden|Nellmersbach|Maubach,8000016,Backnang,Baden-Württemberg,Backnang,71522,9.425986107,48.94264844,3,2506080748,,,,,,,,,,,,,0.0,0.0
1183603668671718907-2506080741-1,7313,,2506080741,,,S,3,,8000016,Backnang,Baden-Württemberg,Backnang,71522,9.425986107,48.94264844,3,,,2506080741,,,,,,,,,,,0.0,0.0
-7172546690751427816-2506080743-1,7769,,2506080743,,,S,4,,8000016,Backnang,Baden-Württemberg,Backnang,71522,9.425986107,48.94264844,3,,,2506080743,,,,,,,,,,,0.0,0.0
-1954317019764357398-2506080635-10,26782,2506080736,2506080737,4,,RE,90,Crailsheim|Eckartshausen-Ilshofen|Schwäbisch Hall-Hessental|Gaildorf West|Fichtenberg|Fornsbach|Murrhardt|Sulzbach(Murr)|Oppenweiler(Württ),8000016,Backnang,Baden-Württemberg,Backnang,71522,9.425986107,48.94264844,3,2506080738,,2506080739,,,,,,,,,,,2.0,2.0
-2915141727268180381-2506080711-1,7311,,2506080711,,,S,3,,8000016,Backnang,Baden-Württemberg,Backnang,71522,9.425986107,48.94264844,3,,,2506080711,,,,,,,,,,,0.0,0.0
-769749627142904747-2506080653-5,88633,2506080723,2506080724,4,,RE,90,Stuttgart Hbf|Stuttgart-Bad Cannstatt|Waiblingen|Winnenden,8000016,Backnang,Baden-Württemberg,Backnang,71522,9.425986107,48.94264844,3,2506080722,,2506080724,,,,,,,,,,,-1.0,0.0
5526512970221326322-2506080713-5,7766,2506080734,,1,,S,,Marbach(Neckar)|Erdmannhausen|Kirchberg(Murr)|Burgstall(Murr),8000016,Backnang,Baden-Württemberg,Backnang,71522,9.425986107,48.94264844,3,2506080734,,,,,,,,,,,,,0.0,0.0
1024213449659427747-2506080755-2,7413,2506080757,2506080757,2,,S,4,Marbach(Neckar),8000873,Benningen (Neckar),Baden-Württemberg,Benningen am Neckar,71726,9.244299075,48.94379773,5,2506080757,,2506080757,,,,,,,,,,,0.0,0.0
-2096809252009887696-2506080702-12,7406,2506080732,2506080733,1,,S,4,Stuttgart Schwabstr.|Stuttgart Feuersee|Stuttgart Stadtmitte|Stuttgart Hbf (tief)|Stuttgart Nord|Stuttgart-Feuerbach|Stuttgart-Zuffenhausen|Kornwestheim Pbf|Ludwigsburg|Favoritepark|Freiberg(Neckar),8000873,Benningen (Neckar),Baden-Württemberg,Benningen am Neckar,71726,9.244299075,48.94379773,5,2506080732,,2506080733,,,,,,,,,,,0.0,0.0
859497721048976458-2506080725-2,7411,2506080727,2506080727,2,,S,4,Marbach(Neckar),8000873,Benningen (Neckar),Baden-Württemberg,Benningen am Neckar,71726,9.244299075,48.94379773,5,2506080727,,2506080727,,,,,,,,,,,0.0,0.0
-6595517868678510983-2506080648-6,7211,2506080700,2506080700,2,,S,2,Schorndorf|Weiler(Rems)|Winterbach(b Schorndorf)|Geradstetten|Grunbach,8000934,Beutelsbach,Baden-Württemberg,Weinstadt,71384,9.38551589,48.81038925,5,2506080700,,2506080701,,,,,,,,,,,0.0,1.0
3888224273021493436-2506080718-6,7213,2506080730,2506080730,2,,S,2,Schorndorf|Weiler(Rems)|Winterbach(b Schorndorf)|Geradstetten|Grunbach,8000934,Beutelsbach,Baden-Württemberg,Weinstadt,71384,9.38551589,48.81038925,5,2506080730,,2506080730,,,,,,,,,,,0.0,0.0
3330235600947433352-2506080703-22,7208,2506080758,2506080758,1,,S,2,Filderstadt|Stuttgart Flughafen/Messe|Echterdingen|Leinfelden|Oberaichen|Stuttgart-Rohr|Stuttgart-Vaihingen|Stuttgart-Österfeld|Stuttgart Universität|Stuttgart Schwabstr.|Stuttgart Feuersee|Stuttgart Stadtmitte|Stuttgart Hbf (tief)|Stuttgart-Bad Cannstatt|Stuttgart Nürnberger Str.|Stuttgart-Sommerrain|Fellbach|Waiblingen|Rommelshausen|Stetten-Beinstein|Endersbach,8000934,Beutelsbach,Baden-Württemberg,Weinstadt,71384,9.38551589,48.81038925,5,2506080757,,2506080758,,,,,,,,,,,-1.0,0.0
-6789628039525088979-2506080537-23,56719,2506080724,2506080725,8,,RB,8,Lauda|Boxberg-Wölchingen|Eubigheim|Rosenberg(Baden)|Osterburken|Adelsheim Ost|Sennfeld|Roigheim|Möckmühl|Züttlingen|Siglingen|Neudenau|Herbolzheim(Jagst)|Untergriesheim|Bad Friedrichshall Hbf|Neckarsulm|Heilbronn Hbf|Nordheim(Württ)|Lauffen(Neckar)|Kirchheim(Neckar)|Walheim(Württ)|Besigheim,8000038,Bietigheim-Bissingen,Baden-Württemberg,Bietigheim-Bissingen,74321,9.137217396,48.94794988,2,2506080724,,2506080725,,h,2,Information,,,,,,,0.0,0.0
-2856928912084347734-2506080722-12,7510,2506080754,,5,,S,,Stuttgart Schwabstr.|Stuttgart Feuersee|Stuttgart Stadtmitte|Stuttgart Hbf (tief)|Stuttgart Nord|Stuttgart-Feuerbach|Stuttgart-Zuffenhausen|Kornwestheim Pbf|Ludwigsburg|Asperg|Tamm(Württ),8000038,Bietigheim-Bissingen,Baden-Württemberg,Bietigheim-Bissingen,74321,9.137217396,48.94794988,2,2506080754,,,,,,,,,,,,,0.0,0.0
7766654316456831025-2506080714-12,19507,2506080752,2506080753,4,,MEX,17a,Pforzheim Hbf|Eutingen(Baden)|Niefern|Enzberg|Mühlacker|Mühlacker Rößlesweg|Illingen(Württ)|Vaihingen(Enz)|Sersheim|Sachsenheim|Ellental,8000038,Bietigheim-Bissingen,Baden-Württemberg,Bietigheim-Bissingen,74321,9.137217396,48.94794988,2,2506080753,,2506080754,,,,,,,,,,,1.0,1.0
-5856161558368495320-2506080737-1,7513,,2506080737,,,S,5,,8000038,Bietigheim-Bissingen,Baden-Württemberg,Bietigheim-Bissingen,74321,9.137217396,48.94794988,2,,,2506080737,,,,,,,,,,,0.0,0.0
-1784789818441515459-2506080707-3,63372,2506080728,2506080729,10,,RE,8,Stuttgart Hbf|Ludwigsburg,8000038,Bietigheim-Bissingen,Baden-Württemberg,Bietigheim-Bissingen,74321,9.137217396,48.94794988,2,2506080728,,2506080729,,h,2,Information,,,,,,,0.0,0.0
-8521059217999778352-2506080704-1,19548,,2506080704,,,MEX,17a,,8000038,Bietigheim-Bissingen,Baden-Württemberg,Bietigheim-Bissingen,74321,9.137217396,48.94794988,2,,,2506080704,,,,,,,,,,,0.0,0.0
7155033421118958991-2506080707-1,7511,,2506080707,,,S,5,,8000038,Bietigheim-Bissingen,Baden-Württemberg,Bietigheim-Bissingen,74321,9.137217396,48.94794988,2,,,2506080707,,,,,,,,,,,0.0,0.0
7338980191191801365-2506080533-13,19214,2506080700,2506080700,10,,MEX,18,Tübingen Hbf|Reutlingen Hbf|Metzingen(Württ)|Bempflingen|Nürtingen|Oberboihingen|Wendlingen(Neckar)|Plochingen|Esslingen(Neckar)|Stuttgart-Bad Cannstatt|Stuttgart Hbf|Ludwigsburg,8000038,Bietigheim-Bissingen,Baden-Württemberg,Bietigheim-Bissingen,74321,9.137217396,48.94794988,2,2506080659,,2506080700,,,,,,,,,,,-1.0,0.0
2837168876757212777-2506080723-8,19213,2506080755,2506080757,8,,MEX,18,Neckarsulm|Heilbronn Hbf|Nordheim(Württ)|Lauffen(Neckar)|Kirchheim(Neckar)|Walheim(Württ)|Besigheim,8000038,Bietigheim-Bissingen,Baden-Württemberg,Bietigheim-Bissingen,74321,9.137217396,48.94794988,2,2506080755,,2506080757,,,,,,,,,,,0.0,0.0
4283537752216491952-2506080635-24,19607,2506080752,2506080753,4,,MEX,17c,Bruchsal|Bruchsal Tunnelstraße|Bruchsal Schlachthof|Heidelsheim Nord|Heidelsheim|Helmsheim|Gondelsheim Schlossstadion|Gondelsheim(Baden)|Diedelsheim|Bretten|Bretten Rechberg|Bretten-Ruit|Knittlingen-Kleinvillars|Ölbronn-Dürrn|Maulbronn West|Ötisheim|Mühlacker|Mühlacker Rößlesweg|Illingen(Württ)|Vaihingen(Enz)|Sersheim|Sachsenheim|Ellental,8000038,Bietigheim-Bissingen,Baden-Württemberg,Bietigheim-Bissingen,74321,9.137217396,48.94794988,2,2506080753,,2506080754,,,,,,,,,,,1.0,1.0
1171775499323890807-2506080709-7,7010,2506080726,,5,,S,,Renningen|Renningen Süd|Magstadt|Maichingen Nord|Maichingen|Sindelfingen,8001055,Böblingen,Baden-Württemberg,Böblingen,71034,9.004531864,48.68784871,3,2506080726,,,,,,,,,,,,,0.0,0.0
3592955462745051107-2506080734-1,7011,,2506080734,,,S,60,,8001055,Böblingen,Baden-Württemberg,Böblingen,71034,9.004531864,48.68784871,3,,,2506080734,,,,,,,,,,,0.0,0.0
-8108385215609287130-2506080646-6,7110,2506080700,2506080700,3,,S,1,Herrenberg|Nufringen|Gärtringen|Ehningen(b Böblingen)|Hulb,8001055,Böblingen,Baden-Württemberg,Böblingen,71034,9.004531864,48.68784871,3,2506080700,,2506080700,,,,,,,,,,,0.0,0.0
-8712334694418825968-2506080735-1,8060,,2506080735,,,WEG,RB46,,8001055,Böblingen,Baden-Württemberg,Böblingen,71034,9.004531864,48.68784871,3,,,2506080735,,,,,,,,,,,0.0,0.0
-6655970972115007016-2506080650-24,7111,2506080759,2506080759,4,,S,1,Kirchheim(Teck)|Kirchheim(Teck)-Ötlingen|Wendlingen(Neckar)|Wernau(Neckar)|Plochingen|Altbach|Esslingen-Zell|Oberesslingen|Esslingen(Neckar)|Esslingen-Mettingen|Stuttgart-Obertürkheim|Stuttgart-Untertürkheim|Stuttgart Neckarpark|Stuttgart-Bad Cannstatt|Stuttgart Hbf (tief)|Stuttgart Stadtmitte|Stuttgart Feuersee|Stuttgart Schwabstr.|Stuttgart Universität|Stuttgart-Österfeld|Stuttgart-Vaihingen|Stuttgart-Rohr|Goldberg(Württ),8001055,Böblingen,Baden-Württemberg,Böblingen,71034,9.004531864,48.68784871,3,2506080801,,2506080801,,,,,,,,,,,2.0,2.0
-4329481721077865051-2506080739-7,7012,2506080756,,5,,S,,Renningen|Renningen Süd|Magstadt|Maichingen Nord|Maichingen|Sindelfingen,8001055,Böblingen,Baden-Württemberg,Böblingen,71034,9.004531864,48.68784871,3,2506080757,,,,,,,,,,,,,1.0,0.0
9133098357832980471-2506080620-24,7109,2506080729,2506080729,4,,S,1,Kirchheim(Teck)|Kirchheim(Teck)-Ötlingen|Wendlingen(Neckar)|Wernau(Neckar)|Plochingen|Altbach|Esslingen-Zell|Oberesslingen|Esslingen(Neckar)|Esslingen-Mettingen|Stuttgart-Obertürkheim|Stuttgart-Untertürkheim|Stuttgart Neckarpark|Stuttgart-Bad Cannstatt|Stuttgart Hbf (tief)|Stuttgart Stadtmitte|Stuttgart Feuersee|Stuttgart Schwabstr.|Stuttgart Universität|Stuttgart-Österfeld|Stuttgart-Vaihingen|Stuttgart-Rohr|Goldberg(Württ),8001055,Böblingen,Baden-Württemberg,Böblingen,71034,9.004531864,48.68784871,3,2506080729,,2506080730,,,,,,,,,,,0.0,1.0
-7972085796287842295-2506080700-12,8057,2506080725,,1,,WEG,,Dettenhausen|Weil im Schönbuch Untere Halde|Weil im Schönbuch Röte|Weil im Schönbuch Troppel|Holzgerlingen Buch|Holzgerlingen Bf|Holzgerlingen Hülben|Böblingen Zimmerschlag|Böblingen Heusteigstr|Böblingen Südbf|Böblingen Danziger Str,8001055,Böblingen,Baden-Württemberg,Böblingen,71034,9.004531864,48.68784871,3,2506080725,,,,,,,,,,,,,0.0,0.0
-8737122798425483295-2506080614-10,17620,2506080720,2506080721,2,,RE,14a,Rottweil|Oberndorf(Neckar)|Sulz(Neckar)|Horb|Eutingen im Gäu|Ergenzingen|Bondorf(b Herrenberg)|Gäufelden|Herrenberg,8001055,Böblingen,Baden-Württemberg,Böblingen,71034,9.004531864,48.68784871,3,2506080720,,2506080721,,h,1,Störung,,,,,,,0.0,0.0
-2643490442022964578-2506080716-6,7112,2506080730,2506080730,3,,S,1,Herrenberg|Nufringen|Gärtringen|Ehningen(b Böblingen)|Hulb,8001055,Böblingen,Baden-Württemberg,Böblingen,71034,9.004531864,48.68784871,3,2506080731,,2506080733,,,,,,,,,,,1.0,3.0
6648849532750511592-2506080715-3,17695,2506080736,2506080738,5,,RE,4,Stuttgart Hbf|Stuttgart-Vaihingen,8001055,Böblingen,Baden-Württemberg,Böblingen,71034,9.004531864,48.68784871,3,2506080737,,2506080738,,h,3,Information,,,,,,,1.0,0.0
-7172546690751427816-2506080743-2,7769,2506080750,2506080750,1,,S,4,Backnang,8001296,Burgstall (Murr),Baden-Württemberg,Burgstetten,71576,9.36973562,48.92851826,6,2506080750,,2506080750,,,,,,,,,,,0.0,0.0
5526512970221326322-2506080713-4,7766,2506080728,2506080728,1,,S,4,Marbach(Neckar)|Erdmannhausen|Kirchberg(Murr),8001296,Burgstall (Murr),Baden-Württemberg,Burgstetten,71576,9.36973562,48.92851826,6,2506080727,,2506080728,,,,,,,,,,,-1.0,0.0
3957411612578008716-2506080712-11,7608,2506080736,2506080736,2,,S,6,Stuttgart Schwabstr.|Stuttgart Feuersee|Stuttgart Stadtmitte|Stuttgart Hbf (tief)|Stuttgart Nord|Stuttgart-Feuerbach|Stuttgart-Zuffenhausen|Neuwirtshaus(Porscheplatz)|Korntal|Weilimdorf,8001476,Ditzingen,Baden-Württemberg,Ditzingen,71254,9.067095186,48.82358726,4,2506080735,,2506080736,,,,,,,,,,,-1.0,0.0
-1347709455583751185-2506080733-7,7613,2506080754,2506080754,3,,S,6,Weil der Stadt|Malmsheim|Renningen|Rutesheim|Leonberg|Höfingen,8001476,Ditzingen,Baden-Württemberg,Ditzingen,71254,9.067095186,48.82358726,4,2506080754,,2506080754,,,,,,,,,,,0.0,0.0
4433222154122274025-2506080703-7,7611,2506080724,2506080724,3,,S,6,Weil der Stadt|Malmsheim|Renningen|Rutesheim|Leonberg|Höfingen,8001476,Ditzingen,Baden-Württemberg,Ditzingen,71254,9.067095186,48.82358726,4,2506080724,,2506080724,,,,,,,,,,,0.0,0.0
-6595517868678510983-2506080648-25,7211,2506080749,2506080750,1,,S,2,Schorndorf|Weiler(Rems)|Winterbach(b Schorndorf)|Geradstetten|Grunbach|Beutelsbach|Endersbach|Stetten-Beinstein|Rommelshausen|Waiblingen|Fellbach|Stuttgart-Sommerrain|Stuttgart Nürnberger Str.|Stuttgart-Bad Cannstatt|Stuttgart Hbf (tief)|Stuttgart Stadtmitte|Stuttgart Feuersee|Stuttgart Schwabstr.|Stuttgart Universität|Stuttgart-Österfeld|Stuttgart-Vaihingen|Stuttgart-Rohr|Oberaichen|Leinfelden,8001650,Echterdingen,Baden-Württemberg,Echterdingen,70771,9.169307175,48.69214787,4,2506080749,,2506080750,,,,,,,,,,,0.0,0.0
-3260744943402269546-2506080748-2,7312,2506080750,2506080750,2,,S,3,Stuttgart Flughafen/Messe,8001650,Echterdingen,Baden-Württemberg,Echterdingen,70771,9.169307175,48.69214787,4,2506080750,,2506080750,,,,,,,,,,,0.0,0.0
3330235600947433352-2506080703-3,7208,2506080710,2506080710,2,,S,2,Filderstadt|Stuttgart Flughafen/Messe,8001650,Echterdingen,Baden-Württemberg,Echterdingen,70771,9.169307175,48.69214787,4,2506080710,,2506080710,,,,,,,,,,,0.0,0.0
8928020016835199525-2506080611-22,7307,2506080709,2506080710,1,,S,3,Backnang|Maubach|Nellmersbach|Winnenden|Schwaikheim|Neustadt-Hohenacker|Waiblingen|Fellbach|Stuttgart-Sommerrain|Stuttgart Nürnberger Str.|Stuttgart-Bad Cannstatt|Stuttgart Hbf (tief)|Stuttgart Stadtmitte|Stuttgart Feuersee|Stuttgart Schwabstr.|Stuttgart Universität|Stuttgart-Österfeld|Stuttgart-Vaihingen|Stuttgart-Rohr|Oberaichen|Leinfelden,8001650,Echterdingen,Baden-Württemberg,Echterdingen,70771,9.169307175,48.69214787,4,2506080716,,2506080718,,,,,,,,,,,7.0,8.0
-586069085866150687-2506080746-4,7114,2506080755,2506080755,1,,S,1,Herrenberg|Nufringen|Gärtringen,8001689,Ehningen (b Böblingen),Baden-Württemberg,Ehningen,71139,8.944310368,48.66275549,4,2506080755,,2506080755,,,,,,,,,,,0.0,0.0
3121292710624229087-2506080550-26,7107,2506080704,2506080704,2,,S,1,Kirchheim(Teck)|Kirchheim(Teck)-Ötlingen|Wendlingen(Neckar)|Wernau(Neckar)|Plochingen|Altbach|Esslingen-Zell|Oberesslingen|Esslingen(Neckar)|Esslingen-Mettingen|Stuttgart-Obertürkheim|Stuttgart-Untertürkheim|Stuttgart Neckarpark|Stuttgart-Bad Cannstatt|Stuttgart Hbf (tief)|Stuttgart Stadtmitte|Stuttgart Feuersee|Stuttgart Schwabstr.|Stuttgart Universität|Stuttgart-Österfeld|Stuttgart-Vaihingen|Stuttgart-Rohr|Goldberg(Württ)|Böblingen|Hulb,8001689,Ehningen (b Böblingen),Baden-Württemberg,Ehningen,71139,8.944310368,48.66275549,4,2506080717,,2506080717,,,,,,,,,,,13.0,13.0
9133098357832980471-2506080620-26,7109,2506080734,2506080734,2,,S,1,Kirchheim(Teck)|Kirchheim(Teck)-Ötlingen|Wendlingen(Neckar)|Wernau(Neckar)|Plochingen|Altbach|Esslingen-Zell|Oberesslingen|Esslingen(Neckar)|Esslingen-Mettingen|Stuttgart-Obertürkheim|Stuttgart-Untertürkheim|Stuttgart Neckarpark|Stuttgart-Bad Cannstatt|Stuttgart Hbf (tief)|Stuttgart Stadtmitte|Stuttgart Feuersee|Stuttgart Schwabstr.|Stuttgart Universität|Stuttgart-Österfeld|Stuttgart-Vaihingen|Stuttgart-Rohr|Goldberg(Württ)|Böblingen|Hulb,8001689,Ehningen (b Böblingen),Baden-Württemberg,Ehningen,71139,8.944310368,48.66275549,4,2506080734,,2506080734,,,,,,,,,,,0.0,0.0
-2643490442022964578-2506080716-4,7112,2506080725,2506080725,1,,S,1,Herrenberg|Nufringen|Gärtringen,8001689,Ehningen (b Böblingen),Baden-Württemberg,Ehningen,71139,8.944310368,48.66275549,4,2506080725,,2506080726,,,,,,,,,,,0.0,1.0
-6595517868678510983-2506080648-7,7211,2506080702,2506080702,3,,S,2,Schorndorf|Weiler(Rems)|Winterbach(b Schorndorf)|Geradstetten|Grunbach|Beutelsbach,8001785,Endersbach,Baden-Württemberg,Weinstadt,71384,9.370192421,48.81317323,4,2506080702,,2506080702,,,,,,,,,,,0.0,0.0
3888224273021493436-2506080718-7,7213,2506080732,2506080732,3,,S,2,Schorndorf|Weiler(Rems)|Winterbach(b Schorndorf)|Geradstetten|Grunbach|Beutelsbach,8001785,Endersbach,Baden-Württemberg,Weinstadt,71384,9.370192421,48.81317323,4,2506080732,,2506080732,,,,,,,,,,,0.0,0.0
3330235600947433352-2506080703-21,7208,2506080756,2506080756,2,,S,2,Filderstadt|Stuttgart Flughafen/Messe|Echterdingen|Leinfelden|Oberaichen|Stuttgart-Rohr|Stuttgart-Vaihingen|Stuttgart-Österfeld|Stuttgart Universität|Stuttgart Schwabstr.|Stuttgart Feuersee|Stuttgart Stadtmitte|Stuttgart Hbf (tief)|Stuttgart-Bad Cannstatt|Stuttgart Nürnberger Str.|Stuttgart-Sommerrain|Fellbach|Waiblingen|Rommelshausen|Stetten-Beinstein,8001785,Endersbach,Baden-Württemberg,Weinstadt,71384,9.370192421,48.81317323,4,2506080756,,2506080756,,,,,,,,,,,0.0,0.0
5324972684989374493-2506080643-4,7767,2506080701,2506080701,1,,S,4,Backnang|Burgstall(Murr)|Kirchberg(Murr),8001827,Erdmannhausen,Baden-Württemberg,Erdmannhausen,71729,9.298930848,48.9483447,6,2506080700,,2506080703,,,,,,,,,,,-1.0,2.0
5526512970221326322-2506080713-2,7766,2506080716,2506080716,1,,S,4,Marbach(Neckar),8001827,Erdmannhausen,Baden-Württemberg,Erdmannhausen,71729,9.298930848,48.9483447,6,2506080716,,2506080717,,,,,,,,,,,0.0,1.0
7447640299994719946-2506080656-3,19237,2506080706,2506080707,5,,MEX,12,Stuttgart Hbf|Stuttgart-Bad Cannstatt,8001920,Esslingen (Neckar),Baden-Württemberg,Esslingen am Neckar,73728,9.300578149,48.73854148,3,2506080708,6,2506080709,6,,,,,,,,,,2.0,2.0
-6035406151764555985-2506080633-9,19306,2506080723,2506080724,3,,MEX,18,Tübingen Hbf|Reutlingen Hbf|Metzingen(Württ)|Bempflingen|Nürtingen|Oberboihingen|Wendlingen(Neckar)|Plochingen,8001920,Esslingen (Neckar),Baden-Württemberg,Esslingen am Neckar,73728,9.300578149,48.73854148,3,2506080724,,2506080725,,,,,,,,,,,1.0,1.0
-8108385215609287130-2506080646-21,7110,2506080742,2506080742,7,,S,1,Herrenberg|Nufringen|Gärtringen|Ehningen(b Böblingen)|Hulb|Böblingen|Goldberg(Württ)|Stuttgart-Rohr|Stuttgart-Vaihingen|Stuttgart-Österfeld|Stuttgart Universität|Stuttgart Schwabstr.|Stuttgart Feuersee|Stuttgart Stadtmitte|Stuttgart Hbf (tief)|Stuttgart-Bad Cannstatt|Stuttgart Neckarpark|Stuttgart-Untertürkheim|Stuttgart-Obertürkheim|Esslingen-Mettingen,8001920,Esslingen (Neckar),Baden-Württemberg,Esslingen am Neckar,73728,9.300578149,48.73854148,3,2506080746,8,2506080746,8,,,,,,,,,,4.0,4.0
-7709757529463307534-2506080720-9,7113,2506080747,2506080748,7,,S,1,Kirchheim(Teck)|Kirchheim(Teck)-Ötlingen|Wendlingen(Neckar)|Wernau(Neckar)|Plochingen|Altbach|Esslingen-Zell|Oberesslingen,8001920,Esslingen (Neckar),Baden-Württemberg,Esslingen am Neckar,73728,9.300578149,48.73854148,3,2506080747,,2506080748,,,,,,,,,,,0.0,0.0
-6655970972115007016-2506080650-9,7111,2506080717,2506080718,7,,S,1,Kirchheim(Teck)|Kirchheim(Teck)-Ötlingen|Wendlingen(Neckar)|Wernau(Neckar)|Plochingen|Altbach|Esslingen-Zell|Oberesslingen,8001920,Esslingen (Neckar),Baden-Württemberg,Esslingen am Neckar,73728,9.300578149,48.73854148,3,2506080718,,2506080718,,,,,,,,,,,1.0,0.0
6656782556908432405-2506080620-13,19211,2506080734,2506080735,6,,MEX,18,Neckarsulm|Heilbronn Sülmertor|Heilbronn Hbf|Nordheim(Württ)|Lauffen(Neckar)|Kirchheim(Neckar)|Walheim(Württ)|Besigheim|Bietigheim-Bissingen|Ludwigsburg|Stuttgart Hbf|Stuttgart-Bad Cannstatt,8001920,Esslingen (Neckar),Baden-Württemberg,Esslingen am Neckar,73728,9.300578149,48.73854148,3,2506080735,,2506080735,,,,,,,,,,,1.0,0.0
2798033046917737648-2506080616-21,7108,2506080712,2506080712,7,,S,1,Herrenberg|Nufringen|Gärtringen|Ehningen(b Böblingen)|Hulb|Böblingen|Goldberg(Württ)|Stuttgart-Rohr|Stuttgart-Vaihingen|Stuttgart-Österfeld|Stuttgart Universität|Stuttgart Schwabstr.|Stuttgart Feuersee|Stuttgart Stadtmitte|Stuttgart Hbf (tief)|Stuttgart-Bad Cannstatt|Stuttgart Neckarpark|Stuttgart-Untertürkheim|Stuttgart-Obertürkheim|Esslingen-Mettingen,8001920,Esslingen (Neckar),Baden-Württemberg,Esslingen am Neckar,73728,9.300578149,48.73854148,3,2506080718,8,2506080718,8,,,,,,,,,,6.0,6.0
1633376945512703812-2506080736-2,4207,2506080745,2506080745,5,,RE,5,Stuttgart Hbf,8001920,Esslingen (Neckar),Baden-Württemberg,Esslingen am Neckar,73728,9.300578149,48.73854148,3,2506080746,,2506080747,,h,1,Störung,,,,,,,1.0,2.0
-8108385215609287130-2506080646-20,7110,2506080739,2506080740,3,,S,1,Herrenberg|Nufringen|Gärtringen|Ehningen(b Böblingen)|Hulb|Böblingen|Goldberg(Württ)|Stuttgart-Rohr|Stuttgart-Vaihingen|Stuttgart-Österfeld|Stuttgart Universität|Stuttgart Schwabstr.|Stuttgart Feuersee|Stuttgart Stadtmitte|Stuttgart Hbf (tief)|Stuttgart-Bad Cannstatt|Stuttgart Neckarpark|Stuttgart-Untertürkheim|Stuttgart-Obertürkheim,8001921,Esslingen-Mettingen,Baden-Württemberg,Esslingen am Neckar,73733,9.275799007,48.74696655,3,2506080742,,2506080742,,,,,,,,,,,3.0,2.0
-7709757529463307534-2506080720-10,7113,2506080750,2506080750,3,,S,1,Kirchheim(Teck)|Kirchheim(Teck)-Ötlingen|Wendlingen(Neckar)|Wernau(Neckar)|Plochingen|Altbach|Esslingen-Zell|Oberesslingen|Esslingen(Neckar),8001921,Esslingen-Mettingen,Baden-Württemberg,Esslingen am Neckar,73733,9.275799007,48.74696655,3,2506080750,,2506080750,,,,,,,,,,,0.0,0.0
-6655970972115007016-2506080650-10,7111,2506080720,2506080720,3,,S,1,Kirchheim(Teck)|Kirchheim(Teck)-Ötlingen|Wendlingen(Neckar)|Wernau(Neckar)|Plochingen|Altbach|Esslingen-Zell|Oberesslingen|Esslingen(Neckar),8001921,Esslingen-Mettingen,Baden-Württemberg,Esslingen am Neckar,73733,9.275799007,48.74696655,3,2506080723,,2506080723,,,,,,,,,,,3.0,3.0
2798033046917737648-2506080616-20,7108,2506080709,2506080710,3,,S,1,Herrenberg|Nufringen|Gärtringen|Ehningen(b Böblingen)|Hulb|Böblingen|Goldberg(Württ)|Stuttgart-Rohr|Stuttgart-Vaihingen|Stuttgart-Österfeld|Stuttgart Universität|Stuttgart Schwabstr.|Stuttgart Feuersee|Stuttgart Stadtmitte|Stuttgart Hbf (tief)|Stuttgart-Bad Cannstatt|Stuttgart Neckarpark|Stuttgart-Untertürkheim|Stuttgart-Obertürkheim,8001921,Esslingen-Mettingen,Baden-Württemberg,Esslingen am Neckar,73733,9.275799007,48.74696655,3,2506080713,,2506080715,,,,,,,,,,,4.0,5.0
-8108385215609287130-2506080646-23,7110,2506080747,2506080747,4,,S,1,Herrenberg|Nufringen|Gärtringen|Ehningen(b Böblingen)|Hulb|Böblingen|Goldberg(Württ)|Stuttgart-Rohr|Stuttgart-Vaihingen|Stuttgart-Österfeld|Stuttgart Universität|Stuttgart Schwabstr.|Stuttgart Feuersee|Stuttgart Stadtmitte|Stuttgart Hbf (tief)|Stuttgart-Bad Cannstatt|Stuttgart Neckarpark|Stuttgart-Untertürkheim|Stuttgart-Obertürkheim|Esslingen-Mettingen|Esslingen(Neckar)|Oberesslingen,8006642,Esslingen-Zell,Baden-Württemberg,Esslingen am Neckar,73730,9.359739507,48.72436142,3,2506080751,,2506080751,,,,,,,,,,,4.0,4.0
-7709757529463307534-2506080720-7,7113,2506080742,2506080742,3,,S,1,Kirchheim(Teck)|Kirchheim(Teck)-Ötlingen|Wendlingen(Neckar)|Wernau(Neckar)|Plochingen|Altbach,8006642,Esslingen-Zell,Baden-Württemberg,Esslingen am Neckar,73730,9.359739507,48.72436142,3,2506080742,,2506080743,,,,,,,,,,,0.0,1.0
-6655970972115007016-2506080650-7,7111,2506080712,2506080712,3,,S,1,Kirchheim(Teck)|Kirchheim(Teck)-Ötlingen|Wendlingen(Neckar)|Wernau(Neckar)|Plochingen|Altbach,8006642,Esslingen-Zell,Baden-Württemberg,Esslingen am Neckar,73730,9.359739507,48.72436142,3,2506080712,,2506080712,,,,,,,,,,,0.0,0.0
2798033046917737648-2506080616-23,7108,2506080717,2506080717,4,,S,1,Herrenberg|Nufringen|Gärtringen|Ehningen(b Böblingen)|Hulb|Böblingen|Goldberg(Württ)|Stuttgart-Rohr|Stuttgart-Vaihingen|Stuttgart-Österfeld|Stuttgart Universität|Stuttgart Schwabstr.|Stuttgart Feuersee|Stuttgart Stadtmitte|Stuttgart Hbf (tief)|Stuttgart-Bad Cannstatt|Stuttgart Neckarpark|Stuttgart-Untertürkheim|Stuttgart-Obertürkheim|Esslingen-Mettingen|Esslingen(Neckar)|Oberesslingen,8006642,Esslingen-Zell,Baden-Württemberg,Esslingen am Neckar,73730,9.359739507,48.72436142,3,2506080723,,2506080723,,,,,,,,,,,6.0,6.0
-2096809252009887696-2506080702-10,7406,2506080726,2506080726,1,,S,4,Stuttgart Schwabstr.|Stuttgart Feuersee|Stuttgart Stadtmitte|Stuttgart Hbf (tief)|Stuttgart Nord|Stuttgart-Feuerbach|Stuttgart-Zuffenhausen|Kornwestheim Pbf|Ludwigsburg,8001967,Favoritepark,Baden-Württemberg,Ludwigsburg,71634,9.180574277,48.90948451,5,2506080726,,2506080726,,,,,,,,,,,0.0,0.0
859497721048976458-2506080725-4,7411,2506080733,2506080733,2,,S,4,Marbach(Neckar)|Benningen(Neckar)|Freiberg(Neckar),8001967,Favoritepark,Baden-Württemberg,Ludwigsburg,71634,9.180574277,48.90948451,5,2506080733,,2506080734,,,,,,,,,,,0.0,1.0
-6595517868678510983-2506080648-11,7211,2506080712,2506080713,4,,S,2,Schorndorf|Weiler(Rems)|Winterbach(b Schorndorf)|Geradstetten|Grunbach|Beutelsbach|Endersbach|Stetten-Beinstein|Rommelshausen|Waiblingen,8001974,Fellbach,Baden-Württemberg,Fellbach,70736,9.270645988,48.8202936,3,2506080713,,2506080713,,,,,,,,,,,1.0,0.0
4826883919594967427-2506080648-16,7308,2506080726,2506080727,1,,S,3,Stuttgart Flughafen/Messe|Echterdingen|Leinfelden|Oberaichen|Stuttgart-Rohr|Stuttgart-Vaihingen|Stuttgart-Österfeld|Stuttgart Universität|Stuttgart Schwabstr.|Stuttgart Feuersee|Stuttgart Stadtmitte|Stuttgart Hbf (tief)|Stuttgart-Bad Cannstatt|Stuttgart Nürnberger Str.|Stuttgart-Sommerrain,8001974,Fellbach,Baden-Württemberg,Fellbach,70736,9.270645988,48.8202936,3,2506080727,,2506080727,,,,,,,,,,,1.0,0.0
3888224273021493436-2506080718-11,7213,2506080742,2506080743,4,,S,2,Schorndorf|Weiler(Rems)|Winterbach(b Schorndorf)|Geradstetten|Grunbach|Beutelsbach|Endersbach|Stetten-Beinstein|Rommelshausen|Waiblingen,8001974,Fellbach,Baden-Württemberg,Fellbach,70736,9.270645988,48.8202936,3,2506080743,,2506080743,,,,,,,,,,,1.0,0.0
3330235600947433352-2506080703-17,7208,2506080746,2506080747,1,,S,2,Filderstadt|Stuttgart Flughafen/Messe|Echterdingen|Leinfelden|Oberaichen|Stuttgart-Rohr|Stuttgart-Vaihingen|Stuttgart-Österfeld|Stuttgart Universität|Stuttgart Schwabstr.|Stuttgart Feuersee|Stuttgart Stadtmitte|Stuttgart Hbf (tief)|Stuttgart-Bad Cannstatt|Stuttgart Nürnberger Str.|Stuttgart-Sommerrain,8001974,Fellbach,Baden-Württemberg,Fellbach,70736,9.270645988,48.8202936,3,2506080746,,2506080747,,,,,,,,,,,0.0,0.0
5233930570318938602-2506080730-11,7310,2506080756,2506080757,1,,S,3,Stuttgart-Vaihingen|Stuttgart-Österfeld|Stuttgart Universität|Stuttgart Schwabstr.|Stuttgart Feuersee|Stuttgart Stadtmitte|Stuttgart Hbf (tief)|Stuttgart-Bad Cannstatt|Stuttgart Nürnberger Str.|Stuttgart-Sommerrain,8001974,Fellbach,Baden-Württemberg,Fellbach,70736,9.270645988,48.8202936,3,2506080756,,2506080757,,,,,,,,,,,0.0,0.0
-2915141727268180381-2506080711-8,7311,2506080732,2506080733,4,,S,3,Backnang|Maubach|Nellmersbach|Winnenden|Schwaikheim|Neustadt-Hohenacker|Waiblingen,8001974,Fellbach,Baden-Württemberg,Fellbach,70736,9.270645988,48.8202936,3,2506080733,,2506080733,,,,,,,,,,,1.0,0.0
-6595517868678510983-2506080648-26,7211,2506080752,2506080753,1,,S,2,Schorndorf|Weiler(Rems)|Winterbach(b Schorndorf)|Geradstetten|Grunbach|Beutelsbach|Endersbach|Stetten-Beinstein|Rommelshausen|Waiblingen|Fellbach|Stuttgart-Sommerrain|Stuttgart Nürnberger Str.|Stuttgart-Bad Cannstatt|Stuttgart Hbf (tief)|Stuttgart Stadtmitte|Stuttgart Feuersee|Stuttgart Schwabstr.|Stuttgart Universität|Stuttgart-Österfeld|Stuttgart-Vaihingen|Stuttgart-Rohr|Oberaichen|Leinfelden|Echterdingen,8005768,Stuttgart Flughafen/Messe,Baden-Württemberg,Leinfelden-Echterdingen,70629,9.193411574,48.69075193,4,2506080752,,2506080753,,,,,,,,,,,0.0,0.0
-3260744943402269546-2506080748-1,7312,,2506080748,,,S,3,,8005768,Stuttgart Flughafen/Messe,Baden-Württemberg,Leinfelden-Echterdingen,70629,9.193411574,48.69075193,4,,,2506080748,,,,,,,,,,,0.0,0.0
3330235600947433352-2506080703-2,7208,2506080707,2506080708,2,,S,2,Filderstadt,8005768,Stuttgart Flughafen/Messe,Baden-Württemberg,Leinfelden-Echterdingen,70629,9.193411574,48.69075193,4,2506080706,,2506080708,,,,,,,,,,,-1.0,0.0
8928020016835199525-2506080611-23,7307,2506080712,,2,,S,,Backnang|Maubach|Nellmersbach|Winnenden|Schwaikheim|Neustadt-Hohenacker|Waiblingen|Fellbach|Stuttgart-Sommerrain|Stuttgart Nürnberger Str.|Stuttgart-Bad Cannstatt|Stuttgart Hbf (tief)|Stuttgart Stadtmitte|Stuttgart Feuersee|Stuttgart Schwabstr.|Stuttgart Universität|Stuttgart-Österfeld|Stuttgart-Vaihingen|Stuttgart-Rohr|Oberaichen|Leinfelden|Echterdingen,8005768,Stuttgart Flughafen/Messe,Baden-Württemberg,Leinfelden-Echterdingen,70629,9.193411574,48.69075193,4,2506080719,2,,,,,,,,,,,,7.0,0.0
-2096809252009887696-2506080702-11,7406,2506080729,2506080729,3,,S,4,Stuttgart Schwabstr.|Stuttgart Feuersee|Stuttgart Stadtmitte|Stuttgart Hbf (tief)|Stuttgart Nord|Stuttgart-Feuerbach|Stuttgart-Zuffenhausen|Kornwestheim Pbf|Ludwigsburg|Favoritepark,8002065,Freiberg (Neckar),Baden-Württemberg,Freiberg am Neckar,71691,9.197530085,48.92994974,5,2506080729,,2506080729,,,,,,,,,,,0.0,0.0
859497721048976458-2506080725-3,7411,2506080730,2506080731,2,,S,4,Marbach(Neckar)|Benningen(Neckar),8002065,Freiberg (Neckar),Baden-Württemberg,Freiberg am Neckar,71691,9.197530085,48.92994974,5,2506080730,,2506080731,,,,,,,,,,,0.0,0.0
-586069085866150687-2506080746-3,7114,2506080752,2506080752,2,,S,1,Herrenberg|Nufringen,8002165,Gärtringen,Baden-Württemberg,Gärtringen,71116,8.908864487,48.64080021,5,2506080752,,2506080752,,,,,,,,,,,0.0,0.0
3121292710624229087-2506080550-27,7107,2506080707,2506080707,1,,S,1,Kirchheim(Teck)|Kirchheim(Teck)-Ötlingen|Wendlingen(Neckar)|Wernau(Neckar)|Plochingen|Altbach|Esslingen-Zell|Oberesslingen|Esslingen(Neckar)|Esslingen-Mettingen|Stuttgart-Obertürkheim|Stuttgart-Untertürkheim|Stuttgart Neckarpark|Stuttgart-Bad Cannstatt|Stuttgart Hbf (tief)|Stuttgart Stadtmitte|Stuttgart Feuersee|Stuttgart Schwabstr.|Stuttgart Universität|Stuttgart-Österfeld|Stuttgart-Vaihingen|Stuttgart-Rohr|Goldberg(Württ)|Böblingen|Hulb|Ehningen(b Böblingen),8002165,Gärtringen,Baden-Württemberg,Gärtringen,71116,8.908864487,48.64080021,5,2506080720,,2506080721,,,,,,,,,,,13.0,14.0
9133098357832980471-2506080620-27,7109,2506080737,2506080737,1,,S,1,Kirchheim(Teck)|Kirchheim(Teck)-Ötlingen|Wendlingen(Neckar)|Wernau(Neckar)|Plochingen|Altbach|Esslingen-Zell|Oberesslingen|Esslingen(Neckar)|Esslingen-Mettingen|Stuttgart-Obertürkheim|Stuttgart-Untertürkheim|Stuttgart Neckarpark|Stuttgart-Bad Cannstatt|Stuttgart Hbf (tief)|Stuttgart Stadtmitte|Stuttgart Feuersee|Stuttgart Schwabstr.|Stuttgart Universität|Stuttgart-Österfeld|Stuttgart-Vaihingen|Stuttgart-Rohr|Goldberg(Württ)|Böblingen|Hulb|Ehningen(b Böblingen),8002165,Gärtringen,Baden-Württemberg,Gärtringen,71116,8.908864487,48.64080021,5,2506080737,,2506080737,,,,,,,,,,,0.0,0.0
-2643490442022964578-2506080716-3,7112,2506080722,2506080722,2,,S,1,Herrenberg|Nufringen,8002165,Gärtringen,Baden-Württemberg,Gärtringen,71116,8.908864487,48.64080021,5,2506080722,,2506080723,,,,,,,,,,,0.0,1.0
1919092743751022186-2506080603-24,7204,2506080702,2506080702,2,,S,2,Filderstadt|Stuttgart Flughafen/Messe|Echterdingen|Leinfelden|Oberaichen|Stuttgart-Rohr|Stuttgart-Vaihingen|Stuttgart-Österfeld|Stuttgart Universität|Stuttgart Schwabstr.|Stuttgart Feuersee|Stuttgart Stadtmitte|Stuttgart Hbf (tief)|Stuttgart-Bad Cannstatt|Stuttgart Nürnberger Str.|Stuttgart-Sommerrain|Fellbach|Waiblingen|Rommelshausen|Stetten-Beinstein|Endersbach|Beutelsbach|Grunbach,8002240,Geradstetten,Baden-Württemberg,Remshalden,73630,9.439522346,48.80527689,5,2506080704,,2506080704,,,,,,,,,,,2.0,2.0
3888224273021493436-2506080718-4,7213,2506080725,2506080726,1,,S,2,Schorndorf|Weiler(Rems)|Winterbach(b Schorndorf),8002240,Geradstetten,Baden-Württemberg,Remshalden,73630,9.439522346,48.80527689,5,2506080725,,2506080726,,,,,,,,,,,0.0,0.0
-5804237943130712983-2506080748-4,7215,2506080755,2506080756,1,,S,2,Schorndorf|Weiler(Rems)|Winterbach(b Schorndorf),8002240,Geradstetten,Baden-Württemberg,Remshalden,73630,9.439522346,48.80527689,5,2506080755,,2506080756,,,,,,,,,,,0.0,0.0
-8108385215609287130-2506080646-7,7110,2506080702,2506080702,2,,S,1,Herrenberg|Nufringen|Gärtringen|Ehningen(b Böblingen)|Hulb|Böblingen,8005201,Goldberg,Baden-Württemberg,Böblingen,71032,9.019733387,48.69651581,5,2506080702,,2506080702,,,,,,,,,,,0.0,0.0
-6655970972115007016-2506080650-23,7111,2506080757,2506080757,1,,S,1,Kirchheim(Teck)|Kirchheim(Teck)-Ötlingen|Wendlingen(Neckar)|Wernau(Neckar)|Plochingen|Altbach|Esslingen-Zell|Oberesslingen|Esslingen(Neckar)|Esslingen-Mettingen|Stuttgart-Obertürkheim|Stuttgart-Untertürkheim|Stuttgart Neckarpark|Stuttgart-Bad Cannstatt|Stuttgart Hbf (tief)|Stuttgart Stadtmitte|Stuttgart Feuersee|Stuttgart Schwabstr.|Stuttgart Universität|Stuttgart-Österfeld|Stuttgart-Vaihingen|Stuttgart-Rohr,8005201,Goldberg,Baden-Württemberg,Böblingen,71032,9.019733387,48.69651581,5,2506080758,,2506080759,,,,,,,,,,,1.0,2.0
9133098357832980471-2506080620-23,7109,2506080727,2506080727,1,,S,1,Kirchheim(Teck)|Kirchheim(Teck)-Ötlingen|Wendlingen(Neckar)|Wernau(Neckar)|Plochingen|Altbach|Esslingen-Zell|Oberesslingen|Esslingen(Neckar)|Esslingen-Mettingen|Stuttgart-Obertürkheim|Stuttgart-Untertürkheim|Stuttgart Neckarpark|Stuttgart-Bad Cannstatt|Stuttgart Hbf (tief)|Stuttgart Stadtmitte|Stuttgart Feuersee|Stuttgart Schwabstr.|Stuttgart Universität|Stuttgart-Österfeld|Stuttgart-Vaihingen|Stuttgart-Rohr,8005201,Goldberg,Baden-Württemberg,Böblingen,71032,9.019733387,48.69651581,5,2506080727,,2506080727,,,,,,,,,,,0.0,0.0
-2643490442022964578-2506080716-7,7112,2506080732,2506080732,2,,S,1,Herrenberg|Nufringen|Gärtringen|Ehningen(b Böblingen)|Hulb|Böblingen,8005201,Goldberg,Baden-Württemberg,Böblingen,71032,9.019733387,48.69651581,5,2506080734,,2506080734,,,,,,,,,,,2.0,2.0
1919092743751022186-2506080603-23,7204,2506080700,2506080700,3,,S,2,Filderstadt|Stuttgart Flughafen/Messe|Echterdingen|Leinfelden|Oberaichen|Stuttgart-Rohr|Stuttgart-Vaihingen|Stuttgart-Österfeld|Stuttgart Universität|Stuttgart Schwabstr.|Stuttgart Feuersee|Stuttgart Stadtmitte|Stuttgart Hbf (tief)|Stuttgart-Bad Cannstatt|Stuttgart Nürnberger Str.|Stuttgart-Sommerrain|Fellbach|Waiblingen|Rommelshausen|Stetten-Beinstein|Endersbach|Beutelsbach,8002448,Grunbach,Baden-Württemberg,Remshalden,73630,9.419580601,48.810414,4,2506080702,,2506080702,,,,,,,,,,,2.0,2.0
3888224273021493436-2506080718-5,7213,2506080727,2506080728,2,,S,2,Schorndorf|Weiler(Rems)|Winterbach(b Schorndorf)|Geradstetten,8002448,Grunbach,Baden-Württemberg,Remshalden,73630,9.419580601,48.810414,4,2506080727,,2506080728,,,,,,,,,,,0.0,0.0
-5804237943130712983-2506080748-5,7215,2506080757,2506080758,2,,S,2,Schorndorf|Weiler(Rems)|Winterbach(b Schorndorf)|Geradstetten,8002448,Grunbach,Baden-Württemberg,Remshalden,73630,9.419580601,48.810414,4,2506080757,,2506080758,,,,,,,,,,,0.0,0.0
-586069085866150687-2506080746-1,7114,,2506080746,,,S,1,,8002785,Herrenberg,Baden-Württemberg,Herrenberg,71083,8.862625253,48.59395697,3,,,2506080746,,,,,,,,,,,0.0,0.0
3121292710624229087-2506080550-29,7107,2506080714,,3,,S,,Kirchheim(Teck)|Kirchheim(Teck)-Ötlingen|Wendlingen(Neckar)|Wernau(Neckar)|Plochingen|Altbach|Esslingen-Zell|Oberesslingen|Esslingen(Neckar)|Esslingen-Mettingen|Stuttgart-Obertürkheim|Stuttgart-Untertürkheim|Stuttgart Neckarpark|Stuttgart-Bad Cannstatt|Stuttgart Hbf (tief)|Stuttgart Stadtmitte|Stuttgart Feuersee|Stuttgart Schwabstr.|Stuttgart Universität|Stuttgart-Österfeld|Stuttgart-Vaihingen|Stuttgart-Rohr|Goldberg(Württ)|Böblingen|Hulb|Ehningen(b Böblingen)|Gärtringen|Nufringen,8002785,Herrenberg,Baden-Württemberg,Herrenberg,71083,8.862625253,48.59395697,3,2506080727,2,,,,,,,,,,,,13.0,0.0
9133098357832980471-2506080620-29,7109,2506080744,,3,,S,,Kirchheim(Teck)|Kirchheim(Teck)-Ötlingen|Wendlingen(Neckar)|Wernau(Neckar)|Plochingen|Altbach|Esslingen-Zell|Oberesslingen|Esslingen(Neckar)|Esslingen-Mettingen|Stuttgart-Obertürkheim|Stuttgart-Untertürkheim|Stuttgart Neckarpark|Stuttgart-Bad Cannstatt|Stuttgart Hbf (tief)|Stuttgart Stadtmitte|Stuttgart Feuersee|Stuttgart Schwabstr.|Stuttgart Universität|Stuttgart-Österfeld|Stuttgart-Vaihingen|Stuttgart-Rohr|Goldberg(Württ)|Böblingen|Hulb|Ehningen(b Böblingen)|Gärtringen|Nufringen,8002785,Herrenberg,Baden-Württemberg,Herrenberg,71083,8.862625253,48.59395697,3,2506080744,,,,,,,,,,,,,0.0,0.0
-8737122798425483295-2506080614-9,17620,2506080710,2506080711,1,,RE,14a,Rottweil|Oberndorf(Neckar)|Sulz(Neckar)|Horb|Eutingen im Gäu|Ergenzingen|Bondorf(b Herrenberg)|Gäufelden,8002785,Herrenberg,Baden-Württemberg,Herrenberg,71083,8.862625253,48.59395697,3,2506080710,,2506080711,,h,1,Störung,,,,,,,0.0,0.0
-2643490442022964578-2506080716-1,7112,,2506080716,,,S,1,,8002785,Herrenberg,Baden-Württemberg,Herrenberg,71083,8.862625253,48.59395697,3,,,2506080716,,,,,,,,,,,0.0,0.0
6648849532750511592-2506080715-4,17695,2506080746,2506080747,4,,RE,4,Stuttgart Hbf|Stuttgart-Vaihingen|Böblingen,8002785,Herrenberg,Baden-Württemberg,Herrenberg,71083,8.862625253,48.59395697,3,2506080747,,2506080748,,h,3,Information,,,,,,,1.0,1.0
3957411612578008716-2506080712-12,7608,2506080739,2506080739,2,,S,6,Stuttgart Schwabstr.|Stuttgart Feuersee|Stuttgart Stadtmitte|Stuttgart Hbf (tief)|Stuttgart Nord|Stuttgart-Feuerbach|Stuttgart-Zuffenhausen|Neuwirtshaus(Porscheplatz)|Korntal|Weilimdorf|Ditzingen,8002892,Höfingen,Baden-Württemberg,Leonberg,71229,9.026180834,48.81503436,5,2506080739,,2506080739,,,,,,,,,,,0.0,0.0
-1347709455583751185-2506080733-6,7613,2506080750,2506080751,1,,S,6,Weil der Stadt|Malmsheim|Renningen|Rutesheim|Leonberg,8002892,Höfingen,Baden-Württemberg,Leonberg,71229,9.026180834,48.81503436,5,2506080750,,2506080751,,,,,,,,,,,0.0,0.0
4433222154122274025-2506080703-6,7611,2506080720,2506080721,1,,S,6,Weil der Stadt|Malmsheim|Renningen|Rutesheim|Leonberg,8002892,Höfingen,Baden-Württemberg,Leonberg,71229,9.026180834,48.81503436,5,2506080721,,2506080721,,,,,,,,,,,1.0,0.0
-586069085866150687-2506080746-5,7114,2506080758,2506080758,2,,S,1,Herrenberg|Nufringen|Gärtringen|Ehningen(b Böblingen),8003022,Hulb,Baden-Württemberg,Böblingen-Hulb,71032,8.982396429,48.67924173,5,2506080758,,2506080758,,,,,,,,,,,0.0,0.0
3121292710624229087-2506080550-25,7107,2506080701,2506080701,1,,S,1,Kirchheim(Teck)|Kirchheim(Teck)-Ötlingen|Wendlingen(Neckar)|Wernau(Neckar)|Plochingen|Altbach|Esslingen-Zell|Oberesslingen|Esslingen(Neckar)|Esslingen-Mettingen|Stuttgart-Obertürkheim|Stuttgart-Untertürkheim|Stuttgart Neckarpark|Stuttgart-Bad Cannstatt|Stuttgart Hbf (tief)|Stuttgart Stadtmitte|Stuttgart Feuersee|Stuttgart Schwabstr.|Stuttgart Universität|Stuttgart-Österfeld|Stuttgart-Vaihingen|Stuttgart-Rohr|Goldberg(Württ)|Böblingen,8003022,Hulb,Baden-Württemberg,Böblingen-Hulb,71032,8.982396429,48.67924173,5,2506080714,,2506080715,,,,,,,,,,,13.0,14.0
9133098357832980471-2506080620-25,7109,2506080731,2506080731,1,,S,1,Kirchheim(Teck)|Kirchheim(Teck)-Ötlingen|Wendlingen(Neckar)|Wernau(Neckar)|Plochingen|Altbach|Esslingen-Zell|Oberesslingen|Esslingen(Neckar)|Esslingen-Mettingen|Stuttgart-Obertürkheim|Stuttgart-Untertürkheim|Stuttgart Neckarpark|Stuttgart-Bad Cannstatt|Stuttgart Hbf (tief)|Stuttgart Stadtmitte|Stuttgart Feuersee|Stuttgart Schwabstr.|Stuttgart Universität|Stuttgart-Österfeld|Stuttgart-Vaihingen|Stuttgart-Rohr|Goldberg(Württ)|Böblingen,8003022,Hulb,Baden-Württemberg,Böblingen-Hulb,71032,8.982396429,48.67924173,5,2506080731,,2506080731,,,,,,,,,,,0.0,0.0
-2643490442022964578-2506080716-5,7112,2506080728,2506080728,2,,S,1,Herrenberg|Nufringen|Gärtringen|Ehningen(b Böblingen),8003022,Hulb,Baden-Württemberg,Böblingen-Hulb,71032,8.982396429,48.67924173,5,2506080728,,2506080729,,,,,,,,,,,0.0,1.0
-6595517868678510983-2506080648-27,7211,2506080757,,2,,S,,Schorndorf|Weiler(Rems)|Winterbach(b Schorndorf)|Geradstetten|Grunbach|Beutelsbach|Endersbach|Stetten-Beinstein|Rommelshausen|Waiblingen|Fellbach|Stuttgart-Sommerrain|Stuttgart Nürnberger Str.|Stuttgart-Bad Cannstatt|Stuttgart Hbf (tief)|Stuttgart Stadtmitte|Stuttgart Feuersee|Stuttgart Schwabstr.|Stuttgart Universität|Stuttgart-Österfeld|Stuttgart-Vaihingen|Stuttgart-Rohr|Oberaichen|Leinfelden|Echterdingen|Stuttgart Flughafen/Messe,8001984,Filderstadt,Baden-Württemberg,Filderstadt,70794,9.217581315,48.67649151,5,2506080756,,,,,,,,,,,,,-1.0,0.0
3330235600947433352-2506080703-1,7208,,2506080703,,,S,2,,8001984,Filderstadt,Baden-Württemberg,Filderstadt,70794,9.217581315,48.67649151,5,,,2506080703,1,,,,,,,,,,0.0,0.0
-7172546690751427816-2506080743-3,7769,2506080756,2506080757,1,,S,4,Backnang|Burgstall(Murr),8003266,Kirchberg (Murr),Baden-Württemberg,Kirchberg an der Murr,71737,9.328210283,48.93928182,6,2506080756,,2506080757,,,,,,,,,,,0.0,0.0
5526512970221326322-2506080713-3,7766,2506080720,2506080721,2,,S,4,Marbach(Neckar)|Erdmannhausen,8003266,Kirchberg (Murr),Baden-Württemberg,Kirchberg an der Murr,71737,9.328210283,48.93928182,6,2506080720,,2506080721,,,,,,,,,,,0.0,0.0
3044219475439536122-2506080717-1,37955,,2506080717,,,N,RB64,,8003280,Kirchheim (Teck),Baden-Württemberg,Kirchheim unter Teck,73230,9.443872422,48.64415981,4,,,2506080718,,,,,,,,,,,0.0,1.0
-7709757529463307534-2506080720-1,7113,,2506080720,,,S,1,,8003280,Kirchheim (Teck),Baden-Württemberg,Kirchheim unter Teck,73230,9.443872422,48.64415981,4,,,2506080720,,,,,,,,,,,0.0,0.0
-7908498233924216314-2506080750-1,7115,,2506080750,,,S,1,,8003280,Kirchheim (Teck),Baden-Württemberg,Kirchheim unter Teck,73230,9.443872422,48.64415981,4,,,2506080755,,,,,,,,,,,0.0,5.0
-5842992503517375798-2506080546-29,7106,2506080709,,2,,S,,Herrenberg|Nufringen|Gärtringen|Ehningen(b Böblingen)|Hulb|Böblingen|Goldberg(Württ)|Stuttgart-Rohr|Stuttgart-Vaihingen|Stuttgart-Österfeld|Stuttgart Universität|Stuttgart Schwabstr.|Stuttgart Feuersee|Stuttgart Stadtmitte|Stuttgart Hbf (tief)|Stuttgart-Bad Cannstatt|Stuttgart Neckarpark|Stuttgart-Untertürkheim|Stuttgart-Obertürkheim|Esslingen-Mettingen|Esslingen(Neckar)|Oberesslingen|Esslingen-Zell|Altbach|Plochingen|Wernau(Neckar)|Wendlingen(Neckar)|Kirchheim(Teck)-Ötlingen,8003280,Kirchheim (Teck),Baden-Württemberg,Kirchheim unter Teck,73230,9.443872422,48.64415981,4,2506080713,,,,,,,,,,,,,4.0,0.0
2798033046917737648-2506080616-29,7108,2506080739,,2,,S,,Herrenberg|Nufringen|Gärtringen|Ehningen(b Böblingen)|Hulb|Böblingen|Goldberg(Württ)|Stuttgart-Rohr|Stuttgart-Vaihingen|Stuttgart-Österfeld|Stuttgart Universität|Stuttgart Schwabstr.|Stuttgart Feuersee|Stuttgart Stadtmitte|Stuttgart Hbf (tief)|Stuttgart-Bad Cannstatt|Stuttgart Neckarpark|Stuttgart-Untertürkheim|Stuttgart-Obertürkheim|Esslingen-Mettingen|Esslingen(Neckar)|Oberesslingen|Esslingen-Zell|Altbach|Plochingen|Wernau(Neckar)|Wendlingen(Neckar)|Kirchheim(Teck)-Ötlingen,8003280,Kirchheim (Teck),Baden-Württemberg,Kirchheim unter Teck,73230,9.443872422,48.64415981,4,2506080746,,,,,,,,,,,,,7.0,0.0
-7709757529463307534-2506080720-2,7113,2506080723,2506080723,1,,S,1,Kirchheim(Teck),8003282,Kirchheim (Teck)-Ötlingen,Baden-Württemberg,Kirchheim unter Teck,73230,9.416261302,48.65782388,5,2506080723,,2506080723,,,,,,,,,,,0.0,0.0
-7908498233924216314-2506080750-2,7115,2506080753,2506080753,1,,S,1,Kirchheim(Teck),8003282,Kirchheim (Teck)-Ötlingen,Baden-Württemberg,Kirchheim unter Teck,73230,9.416261302,48.65782388,5,2506080757,,2506080757,,,,,,,,,,,4.0,4.0
-5842992503517375798-2506080546-28,7106,2506080706,2506080707,1,,S,1,Herrenberg|Nufringen|Gärtringen|Ehningen(b Böblingen)|Hulb|Böblingen|Goldberg(Württ)|Stuttgart-Rohr|Stuttgart-Vaihingen|Stuttgart-Österfeld|Stuttgart Universität|Stuttgart Schwabstr.|Stuttgart Feuersee|Stuttgart Stadtmitte|Stuttgart Hbf (tief)|Stuttgart-Bad Cannstatt|Stuttgart Neckarpark|Stuttgart-Untertürkheim|Stuttgart-Obertürkheim|Esslingen-Mettingen|Esslingen(Neckar)|Oberesslingen|Esslingen-Zell|Altbach|Plochingen|Wernau(Neckar)|Wendlingen(Neckar),8003282,Kirchheim (Teck)-Ötlingen,Baden-Württemberg,Kirchheim unter Teck,73230,9.416261302,48.65782388,5,2506080712,,2506080712,,,,,,,,,,,6.0,5.0
2798033046917737648-2506080616-28,7108,2506080736,2506080737,1,,S,1,Herrenberg|Nufringen|Gärtringen|Ehningen(b Böblingen)|Hulb|Böblingen|Goldberg(Württ)|Stuttgart-Rohr|Stuttgart-Vaihingen|Stuttgart-Österfeld|Stuttgart Universität|Stuttgart Schwabstr.|Stuttgart Feuersee|Stuttgart Stadtmitte|Stuttgart Hbf (tief)|Stuttgart-Bad Cannstatt|Stuttgart Neckarpark|Stuttgart-Untertürkheim|Stuttgart-Obertürkheim|Esslingen-Mettingen|Esslingen(Neckar)|Oberesslingen|Esslingen-Zell|Altbach|Plochingen|Wernau(Neckar)|Wendlingen(Neckar),8003282,Kirchheim (Teck)-Ötlingen,Baden-Württemberg,Kirchheim unter Teck,73230,9.416261302,48.65782388,5,2506080745,,2506080745,,,,,,,,,,,9.0,8.0
6650938090751927613-2506080731-7,1091,2506080754,,7,,WEG,,Heimerdingen|Hemmingen|Schwieberdingen|Münchingen|Münchingen Rührberg|Korntal Gymnasium,8003409,Korntal,Baden-Württemberg,Korntal,70825,9.121099128,48.82640246,4,2506080754,,,,,,,,,,,,,0.0,0.0
-2260655768859987107-2506080705-1,1084,,2506080705,,,WEG,RB47,,8003409,Korntal,Baden-Württemberg,Korntal,70825,9.121099128,48.82640246,4,,,2506080705,,,,,,,,,,,0.0,0.0
3957411612578008716-2506080712-9,7608,2506080731,2506080731,1,,S,6,Stuttgart Schwabstr.|Stuttgart Feuersee|Stuttgart Stadtmitte|Stuttgart Hbf (tief)|Stuttgart Nord|Stuttgart-Feuerbach|Stuttgart-Zuffenhausen|Neuwirtshaus(Porscheplatz),8003409,Korntal,Baden-Württemberg,Korntal,70825,9.121099128,48.82640246,4,2506080731,,2506080731,,,,,,,,,,,0.0,0.0
-1347709455583751185-2506080733-9,7613,2506080758,2506080759,3,,S,6,Weil der Stadt|Malmsheim|Renningen|Rutesheim|Leonberg|Höfingen|Ditzingen|Weilimdorf,8003409,Korntal,Baden-Württemberg,Korntal,70825,9.121099128,48.82640246,4,2506080800,,2506080801,,,,,,,,,,,2.0,2.0
4433222154122274025-2506080703-9,7611,2506080728,2506080729,3,,S,6,Weil der Stadt|Malmsheim|Renningen|Rutesheim|Leonberg|Höfingen|Ditzingen|Weilimdorf,8003409,Korntal,Baden-Württemberg,Korntal,70825,9.121099128,48.82640246,4,2506080729,,2506080729,,,,,,,,,,,1.0,0.0
-2856928912084347734-2506080722-8,7510,2506080740,2506080740,4,,S,5,Stuttgart Schwabstr.|Stuttgart Feuersee|Stuttgart Stadtmitte|Stuttgart Hbf (tief)|Stuttgart Nord|Stuttgart-Feuerbach|Stuttgart-Zuffenhausen,8003411,Kornwestheim Pbf,Baden-Württemberg,Kornwestheim,70806,9.179967278,48.86215948,3,2506080740,,2506080741,,,,,,,,,,,0.0,1.0
-5856161558368495320-2506080737-5,7513,2506080749,2506080750,3,,S,5,Bietigheim-Bissingen|Tamm(Württ)|Asperg|Ludwigsburg,8003411,Kornwestheim Pbf,Baden-Württemberg,Kornwestheim,70806,9.179967278,48.86215948,3,2506080750,,2506080750,,,,,,,,,,,1.0,0.0
7155033421118958991-2506080707-5,7511,2506080719,2506080720,3,,S,5,Bietigheim-Bissingen|Tamm(Württ)|Asperg|Ludwigsburg,8003411,Kornwestheim Pbf,Baden-Württemberg,Kornwestheim,70806,9.179967278,48.86215948,3,2506080720,,2506080721,,,,,,,,,,,1.0,1.0
-2096809252009887696-2506080702-8,7406,2506080720,2506080720,4,,S,4,Stuttgart Schwabstr.|Stuttgart Feuersee|Stuttgart Stadtmitte|Stuttgart Hbf (tief)|Stuttgart Nord|Stuttgart-Feuerbach|Stuttgart-Zuffenhausen,8003411,Kornwestheim Pbf,Baden-Württemberg,Kornwestheim,70806,9.179967278,48.86215948,3,2506080720,,2506080721,,,,,,,,,,,0.0,1.0
859497721048976458-2506080725-6,7411,2506080739,2506080740,3,,S,4,Marbach(Neckar)|Benningen(Neckar)|Freiberg(Neckar)|Favoritepark|Ludwigsburg,8003411,Kornwestheim Pbf,Baden-Württemberg,Kornwestheim,70806,9.179967278,48.86215948,3,2506080740,,2506080740,,,,,,,,,,,1.0,0.0
-6595517868678510983-2506080648-24,7211,2506080746,2506080747,1,,S,2,Schorndorf|Weiler(Rems)|Winterbach(b Schorndorf)|Geradstetten|Grunbach|Beutelsbach|Endersbach|Stetten-Beinstein|Rommelshausen|Waiblingen|Fellbach|Stuttgart-Sommerrain|Stuttgart Nürnberger Str.|Stuttgart-Bad Cannstatt|Stuttgart Hbf (tief)|Stuttgart Stadtmitte|Stuttgart Feuersee|Stuttgart Schwabstr.|Stuttgart Universität|Stuttgart-Österfeld|Stuttgart-Vaihingen|Stuttgart-Rohr|Oberaichen,8003622,Leinfelden,Baden-Württemberg,Leinfelden-Echterdingen,70771,9.142859698,48.6964193,4,2506080746,,2506080746,,,,,,,,,,,0.0,-1.0
-3260744943402269546-2506080748-3,7312,2506080752,2506080753,2,,S,3,Stuttgart Flughafen/Messe|Echterdingen,8003622,Leinfelden,Baden-Württemberg,Leinfelden-Echterdingen,70771,9.142859698,48.6964193,4,2506080752,,2506080753,,,,,,,,,,,0.0,0.0
3330235600947433352-2506080703-4,7208,2506080712,2506080713,2,,S,2,Filderstadt|Stuttgart Flughafen/Messe|Echterdingen,8003622,Leinfelden,Baden-Württemberg,Leinfelden-Echterdingen,70771,9.142859698,48.6964193,4,2506080712,,2506080713,,,,,,,,,,,0.0,0.0
8928020016835199525-2506080611-21,7307,2506080706,2506080707,1,,S,3,Backnang|Maubach|Nellmersbach|Winnenden|Schwaikheim|Neustadt-Hohenacker|Waiblingen|Fellbach|Stuttgart-Sommerrain|Stuttgart Nürnberger Str.|Stuttgart-Bad Cannstatt|Stuttgart Hbf (tief)|Stuttgart Stadtmitte|Stuttgart Feuersee|Stuttgart Schwabstr.|Stuttgart Universität|Stuttgart-Österfeld|Stuttgart-Vaihingen|Stuttgart-Rohr|Oberaichen,8003622,Leinfelden,Baden-Württemberg,Leinfelden-Echterdingen,70771,9.142859698,48.6964193,4,2506080714,,2506080714,,,,,,,,,,,8.0,7.0
3957411612578008716-2506080712-13,7608,2506080743,2506080743,2,,S,6,Stuttgart Schwabstr.|Stuttgart Feuersee|Stuttgart Stadtmitte|Stuttgart Hbf (tief)|Stuttgart Nord|Stuttgart-Feuerbach|Stuttgart-Zuffenhausen|Neuwirtshaus(Porscheplatz)|Korntal|Weilimdorf|Ditzingen|Höfingen,8003652,Leonberg,Baden-Württemberg,Leonberg,71229,9.004025993,48.79970547,3,2506080742,,2506080743,,,,,,,,,,,-1.0,0.0
-1347709455583751185-2506080733-5,7613,2506080747,2506080747,1,,S,6,Weil der Stadt|Malmsheim|Renningen|Rutesheim,8003652,Leonberg,Baden-Württemberg,Leonberg,71229,9.004025993,48.79970547,3,2506080747,,2506080747,,,,,,,,,,,0.0,0.0
4433222154122274025-2506080703-5,7611,2506080717,2506080717,1,,S,6,Weil der Stadt|Malmsheim|Renningen|Rutesheim,8003652,Leonberg,Baden-Württemberg,Leonberg,71229,9.004025993,48.79970547,3,2506080717,,2506080717,,,,,,,,,,,0.0,0.0
443201353460676242-2506080611-13,19369,2506080700,2506080701,4,,MEX,17a,Pforzheim Hbf|Eutingen(Baden)|Niefern|Enzberg|Mühlacker|Mühlacker Rößlesweg|Illingen(Württ)|Vaihingen(Enz)|Sersheim|Sachsenheim|Ellental|Bietigheim-Bissingen,8000235,Ludwigsburg,Baden-Württemberg,Ludwigsburg,71638,9.185229823,48.89208622,3,2506080659,,2506080701,,,,,,,,,,,-1.0,0.0
-6035406151764555985-2506080633-12,19306,2506080753,2506080753,1,,MEX,18,Tübingen Hbf|Reutlingen Hbf|Metzingen(Württ)|Bempflingen|Nürtingen|Oberboihingen|Wendlingen(Neckar)|Plochingen|Esslingen(Neckar)|Stuttgart-Bad Cannstatt|Stuttgart Hbf,8000235,Ludwigsburg,Baden-Württemberg,Ludwigsburg,71638,9.185229823,48.89208622,3,2506080753,,2506080753,,,,,,,,,,,0.0,0.0
-6789628039525088979-2506080537-24,56719,2506080731,2506080733,4,,RB,8,Lauda|Boxberg-Wölchingen|Eubigheim|Rosenberg(Baden)|Osterburken|Adelsheim Ost|Sennfeld|Roigheim|Möckmühl|Züttlingen|Siglingen|Neudenau|Herbolzheim(Jagst)|Untergriesheim|Bad Friedrichshall Hbf|Neckarsulm|Heilbronn Hbf|Nordheim(Württ)|Lauffen(Neckar)|Kirchheim(Neckar)|Walheim(Württ)|Besigheim|Bietigheim-Bissingen,8000235,Ludwigsburg,Baden-Württemberg,Ludwigsburg,71638,9.185229823,48.89208622,3,2506080732,,2506080733,,h,2,Information,,,,,,,1.0,0.0
-2856928912084347734-2506080722-9,7510,2506080743,2506080744,2,,S,5,Stuttgart Schwabstr.|Stuttgart Feuersee|Stuttgart Stadtmitte|Stuttgart Hbf (tief)|Stuttgart Nord|Stuttgart-Feuerbach|Stuttgart-Zuffenhausen|Kornwestheim Pbf,8000235,Ludwigsburg,Baden-Württemberg,Ludwigsburg,71638,9.185229823,48.89208622,3,2506080743,,2506080744,,,,,,,,,,,0.0,0.0
-5856161558368495320-2506080737-4,7513,2506080746,2506080746,3,,S,5,Bietigheim-Bissingen|Tamm(Württ)|Asperg,8000235,Ludwigsburg,Baden-Württemberg,Ludwigsburg,71638,9.185229823,48.89208622,3,2506080746,,2506080747,,,,,,,,,,,0.0,1.0
-1784789818441515459-2506080707-2,63372,2506080720,2506080721,1,,RE,8,Stuttgart Hbf,8000235,Ludwigsburg,Baden-Württemberg,Ludwigsburg,71638,9.185229823,48.89208622,3,2506080718,,2506080721,,h,2,Information,,,,,,,-2.0,0.0
-911319629498153735-2506080747-2,19504,2506080756,2506080757,1,,MEX,17a,Stuttgart Hbf,8000235,Ludwigsburg,Baden-Württemberg,Ludwigsburg,71638,9.185229823,48.89208622,3,2506080756,,2506080757,,,,,,,,,,,0.0,0.0
7155033421118958991-2506080707-4,7511,2506080716,2506080716,3,,S,5,Bietigheim-Bissingen|Tamm(Württ)|Asperg,8000235,Ludwigsburg,Baden-Württemberg,Ludwigsburg,71638,9.185229823,48.89208622,3,2506080717,,2506080718,,,,,,,,,,,1.0,2.0
-2096809252009887696-2506080702-9,7406,2506080723,2506080724,2,,S,4,Stuttgart Schwabstr.|Stuttgart Feuersee|Stuttgart Stadtmitte|Stuttgart Hbf (tief)|Stuttgart Nord|Stuttgart-Feuerbach|Stuttgart-Zuffenhausen|Kornwestheim Pbf,8000235,Ludwigsburg,Baden-Württemberg,Ludwigsburg,71638,9.185229823,48.89208622,3,2506080723,,2506080724,,,,,,,,,,,0.0,0.0
6656782556908432405-2506080620-10,19211,2506080704,2506080705,4,,MEX,18,Neckarsulm|Heilbronn Sülmertor|Heilbronn Hbf|Nordheim(Württ)|Lauffen(Neckar)|Kirchheim(Neckar)|Walheim(Württ)|Besigheim|Bietigheim-Bissingen,8000235,Ludwigsburg,Baden-Württemberg,Ludwigsburg,71638,9.185229823,48.89208622,3,2506080705,,2506080705,,,,,,,,,,,1.0,0.0
859497721048976458-2506080725-5,7411,2506080736,2506080736,3,,S,4,Marbach(Neckar)|Benningen(Neckar)|Freiberg(Neckar)|Favoritepark,8000235,Ludwigsburg,Baden-Württemberg,Ludwigsburg,71638,9.185229823,48.89208622,3,2506080736,,2506080737,,,,,,,,,,,0.0,1.0
3957411612578008716-2506080712-16,7608,2506080754,2506080754,1,,S,6,Stuttgart Schwabstr.|Stuttgart Feuersee|Stuttgart Stadtmitte|Stuttgart Hbf (tief)|Stuttgart Nord|Stuttgart-Feuerbach|Stuttgart-Zuffenhausen|Neuwirtshaus(Porscheplatz)|Korntal|Weilimdorf|Ditzingen|Höfingen|Leonberg|Rutesheim|Renningen,8003831,Malmsheim,Baden-Württemberg,Renningen,71272,8.905105557,48.77183564,5,2506080754,,2506080754,,,,,,,,,,,0.0,0.0
-1347709455583751185-2506080733-2,7613,2506080735,2506080735,2,,S,6,Weil der Stadt,8003831,Malmsheim,Baden-Württemberg,Renningen,71272,8.905105557,48.77183564,5,2506080736,,2506080736,,,,,,,,,,,1.0,1.0
4433222154122274025-2506080703-2,7611,2506080705,2506080705,2,,S,6,Weil der Stadt,8003831,Malmsheim,Baden-Württemberg,Renningen,71272,8.905105557,48.77183564,5,2506080706,,2506080706,,,,,,,,,,,1.0,1.0
1024213449659427747-2506080755-1,7413,,2506080755,,,S,4,,8003853,Marbach (Neckar),Baden-Württemberg,Marbach am Neckar,71672,9.264611825,48.9437708,3,,,2506080755,1,,,,,,,,,,0.0,0.0
5324972684989374493-2506080643-5,7767,2506080704,,3,,S,,Backnang|Burgstall(Murr)|Kirchberg(Murr)|Erdmannhausen,8003853,Marbach (Neckar),Baden-Württemberg,Marbach am Neckar,71672,9.264611825,48.9437708,3,2506080706,,,,,,,,,,,,,2.0,0.0
-2096809252009887696-2506080702-13,7406,2506080735,,1,,S,,Stuttgart Schwabstr.|Stuttgart Feuersee|Stuttgart Stadtmitte|Stuttgart Hbf (tief)|Stuttgart Nord|Stuttgart-Feuerbach|Stuttgart-Zuffenhausen|Kornwestheim Pbf|Ludwigsburg|Favoritepark|Freiberg(Neckar)|Benningen(Neckar),8003853,Marbach (Neckar),Baden-Württemberg,Marbach am Neckar,71672,9.264611825,48.9437708,3,2506080735,,,,,,,,,,,,,0.0,0.0
859497721048976458-2506080725-1,7411,,2506080725,,,S,4,,8003853,Marbach (Neckar),Baden-Württemberg,Marbach am Neckar,71672,9.264611825,48.9437708,3,,,2506080725,1,,,,,,,,,,0.0,0.0
5526512970221326322-2506080713-1,7766,,2506080713,,,S,4,,8003853,Marbach (Neckar),Baden-Württemberg,Marbach am Neckar,71672,9.264611825,48.9437708,3,,,2506080713,,,,,,,,,,,0.0,0.0
4826883919594967427-2506080648-22,7308,2506080744,2506080745,2,,S,3,Stuttgart Flughafen/Messe|Echterdingen|Leinfelden|Oberaichen|Stuttgart-Rohr|Stuttgart-Vaihingen|Stuttgart-Österfeld|Stuttgart Universität|Stuttgart Schwabstr.|Stuttgart Feuersee|Stuttgart Stadtmitte|Stuttgart Hbf (tief)|Stuttgart-Bad Cannstatt|Stuttgart Nürnberger Str.|Stuttgart-Sommerrain|Fellbach|Waiblingen|Neustadt-Hohenacker|Schwaikheim|Winnenden|Nellmersbach,8003913,Maubach,Baden-Württemberg,Backnang,71522,9.419487062,48.92623463,4,2506080744,,2506080745,,,,,,,,,,,0.0,0.0
1183603668671718907-2506080741-2,7313,2506080743,2506080744,1,,S,3,Backnang,8003913,Maubach,Baden-Württemberg,Backnang,71522,9.419487062,48.92623463,4,2506080744,,2506080745,,,,,,,,,,,1.0,1.0
-2915141727268180381-2506080711-2,7311,2506080713,2506080714,1,,S,3,Backnang,8003913,Maubach,Baden-Württemberg,Backnang,71522,9.419487062,48.92623463,4,2506080714,,2506080714,,,,,,,,,,,1.0,0.0
4826883919594967427-2506080648-21,7308,2506080741,2506080742,2,,S,3,Stuttgart Flughafen/Messe|Echterdingen|Leinfelden|Oberaichen|Stuttgart-Rohr|Stuttgart-Vaihingen|Stuttgart-Österfeld|Stuttgart Universität|Stuttgart Schwabstr.|Stuttgart Feuersee|Stuttgart Stadtmitte|Stuttgart Hbf (tief)|Stuttgart-Bad Cannstatt|Stuttgart Nürnberger Str.|Stuttgart-Sommerrain|Fellbach|Waiblingen|Neustadt-Hohenacker|Schwaikheim|Winnenden,8004233,Nellmersbach,Baden-Württemberg,Leutenbach,71397,9.415421538,48.90336425,5,2506080742,,2506080742,,,,,,,,,,,1.0,0.0
1183603668671718907-2506080741-3,7313,2506080746,2506080746,1,,S,3,Backnang|Maubach,8004233,Nellmersbach,Baden-Württemberg,Leutenbach,71397,9.415421538,48.90336425,5,2506080747,,2506080747,,,,,,,,,,,1.0,1.0
-2915141727268180381-2506080711-3,7311,2506080716,2506080716,1,,S,3,Backnang|Maubach,8004233,Nellmersbach,Baden-Württemberg,Leutenbach,71397,9.415421538,48.90336425,5,2506080716,,2506080717,,,,,,,,,,,0.0,1.0
4826883919594967427-2506080648-18,7308,2506080733,2506080733,1,,S,3,Stuttgart Flughafen/Messe|Echterdingen|Leinfelden|Oberaichen|Stuttgart-Rohr|Stuttgart-Vaihingen|Stuttgart-Österfeld|Stuttgart Universität|Stuttgart Schwabstr.|Stuttgart Feuersee|Stuttgart Stadtmitte|Stuttgart Hbf (tief)|Stuttgart-Bad Cannstatt|Stuttgart Nürnberger Str.|Stuttgart-Sommerrain|Fellbach|Waiblingen,8004333,Neustadt-Hohenacker,Baden-Württemberg,Waiblingen,71336,9.32455106,48.85921668,5,2506080733,,2506080733,,,,,,,,,,,0.0,0.0
1183603668671718907-2506080741-6,7313,2506080755,2506080755,2,,S,3,Backnang|Maubach|Nellmersbach|Winnenden|Schwaikheim,8004333,Neustadt-Hohenacker,Baden-Württemberg,Waiblingen,71336,9.32455106,48.85921668,5,2506080755,,2506080755,,,,,,,,,,,0.0,0.0
-2915141727268180381-2506080711-6,7311,2506080725,2506080725,2,,S,3,Backnang|Maubach|Nellmersbach|Winnenden|Schwaikheim,8004333,Neustadt-Hohenacker,Baden-Württemberg,Waiblingen,71336,9.32455106,48.85921668,5,2506080725,,2506080726,,,,,,,,,,,0.0,1.0
3957411612578008716-2506080712-8,7608,2506080728,2506080728,1,,S,6,Stuttgart Schwabstr.|Stuttgart Feuersee|Stuttgart Stadtmitte|Stuttgart Hbf (tief)|Stuttgart Nord|Stuttgart-Feuerbach|Stuttgart-Zuffenhausen,8004338,Neuwirtshaus (Porscheplatz),Baden-Württemberg,Stuttgart,70435,9.151955614,48.83384734,4,2506080728,,2506080728,,,,,,,,,,,0.0,0.0
4433222154122274025-2506080703-10,7611,2506080731,2506080731,2,,S,6,Weil der Stadt|Malmsheim|Renningen|Rutesheim|Leonberg|Höfingen|Ditzingen|Weilimdorf|Korntal,8004338,Neuwirtshaus (Porscheplatz),Baden-Württemberg,Stuttgart,70435,9.151955614,48.83384734,4,2506080731,,2506080731,,,,,,,,,,,0.0,0.0
-586069085866150687-2506080746-2,7114,2506080749,2506080749,2,,S,1,Herrenberg,8004490,Nufringen,Baden-Württemberg,Nufringen,71154,8.889817485,48.62010967,5,2506080749,,2506080750,,,,,,,,,,,0.0,1.0
3121292710624229087-2506080550-28,7107,2506080710,2506080710,1,,S,1,Kirchheim(Teck)|Kirchheim(Teck)-Ötlingen|Wendlingen(Neckar)|Wernau(Neckar)|Plochingen|Altbach|Esslingen-Zell|Oberesslingen|Esslingen(Neckar)|Esslingen-Mettingen|Stuttgart-Obertürkheim|Stuttgart-Untertürkheim|Stuttgart Neckarpark|Stuttgart-Bad Cannstatt|Stuttgart Hbf (tief)|Stuttgart Stadtmitte|Stuttgart Feuersee|Stuttgart Schwabstr.|Stuttgart Universität|Stuttgart-Österfeld|Stuttgart-Vaihingen|Stuttgart-Rohr|Goldberg(Württ)|Böblingen|Hulb|Ehningen(b Böblingen)|Gärtringen,8004490,Nufringen,Baden-Württemberg,Nufringen,71154,8.889817485,48.62010967,5,2506080723,,2506080723,,,,,,,,,,,13.0,13.0
9133098357832980471-2506080620-28,7109,2506080740,2506080740,1,,S,1,Kirchheim(Teck)|Kirchheim(Teck)-Ötlingen|Wendlingen(Neckar)|Wernau(Neckar)|Plochingen|Altbach|Esslingen-Zell|Oberesslingen|Esslingen(Neckar)|Esslingen-Mettingen|Stuttgart-Obertürkheim|Stuttgart-Untertürkheim|Stuttgart Neckarpark|Stuttgart-Bad Cannstatt|Stuttgart Hbf (tief)|Stuttgart Stadtmitte|Stuttgart Feuersee|Stuttgart Schwabstr.|Stuttgart Universität|Stuttgart-Österfeld|Stuttgart-Vaihingen|Stuttgart-Rohr|Goldberg(Württ)|Böblingen|Hulb|Ehningen(b Böblingen)|Gärtringen,8004490,Nufringen,Baden-Württemberg,Nufringen,71154,8.889817485,48.62010967,5,2506080740,,2506080740,,,,,,,,,,,0.0,0.0
-2643490442022964578-2506080716-2,7112,2506080719,2506080719,2,,S,1,Herrenberg,8004490,Nufringen,Baden-Württemberg,Nufringen,71154,8.889817485,48.62010967,5,2506080719,,2506080720,,,,,,,,,,,0.0,1.0
-6595517868678510983-2506080648-23,7211,2506080744,2506080744,1,,S,2,Schorndorf|Weiler(Rems)|Winterbach(b Schorndorf)|Geradstetten|Grunbach|Beutelsbach|Endersbach|Stetten-Beinstein|Rommelshausen|Waiblingen|Fellbach|Stuttgart-Sommerrain|Stuttgart Nürnberger Str.|Stuttgart-Bad Cannstatt|Stuttgart Hbf (tief)|Stuttgart Stadtmitte|Stuttgart Feuersee|Stuttgart Schwabstr.|Stuttgart Universität|Stuttgart-Österfeld|Stuttgart-Vaihingen|Stuttgart-Rohr,8004496,Oberaichen,Baden-Württemberg,Leinfelden-Echterdingen,70771,9.12743664,48.70512422,5,2506080743,,2506080744,,,,,,,,,,,-1.0,0.0
-3260744943402269546-2506080748-4,7312,2506080755,2506080755,2,,S,3,Stuttgart Flughafen/Messe|Echterdingen|Leinfelden,8004496,Oberaichen,Baden-Württemberg,Leinfelden-Echterdingen,70771,9.12743664,48.70512422,5,2506080755,,2506080755,,,,,,,,,,,0.0,0.0
3330235600947433352-2506080703-5,7208,2506080715,2506080715,2,,S,2,Filderstadt|Stuttgart Flughafen/Messe|Echterdingen|Leinfelden,8004496,Oberaichen,Baden-Württemberg,Leinfelden-Echterdingen,70771,9.12743664,48.70512422,5,2506080714,,2506080715,,,,,,,,,,,-1.0,0.0
8928020016835199525-2506080611-20,7307,2506080704,2506080704,1,,S,3,Backnang|Maubach|Nellmersbach|Winnenden|Schwaikheim|Neustadt-Hohenacker|Waiblingen|Fellbach|Stuttgart-Sommerrain|Stuttgart Nürnberger Str.|Stuttgart-Bad Cannstatt|Stuttgart Hbf (tief)|Stuttgart Stadtmitte|Stuttgart Feuersee|Stuttgart Schwabstr.|Stuttgart Universität|Stuttgart-Österfeld|Stuttgart-Vaihingen|Stuttgart-Rohr,8004496,Oberaichen,Baden-Württemberg,Leinfelden-Echterdingen,70771,9.12743664,48.70512422,5,2506080712,,2506080712,,,,,,,,,,,8.0,8.0
-8108385215609287130-2506080646-22,7110,2506080745,2506080745,4,,S,1,Herrenberg|Nufringen|Gärtringen|Ehningen(b Böblingen)|Hulb|Böblingen|Goldberg(Württ)|Stuttgart-Rohr|Stuttgart-Vaihingen|Stuttgart-Österfeld|Stuttgart Universität|Stuttgart Schwabstr.|Stuttgart Feuersee|Stuttgart Stadtmitte|Stuttgart Hbf (tief)|Stuttgart-Bad Cannstatt|Stuttgart Neckarpark|Stuttgart-Untertürkheim|Stuttgart-Obertürkheim|Esslingen-Mettingen|Esslingen(Neckar),8004528,Oberesslingen,Baden-Württemberg,Esslingen am Neckar,73730,9.327277435,48.72983585,3,2506080748,,2506080749,,,,,,,,,,,3.0,4.0
-7709757529463307534-2506080720-8,7113,2506080745,2506080745,3,,S,1,Kirchheim(Teck)|Kirchheim(Teck)-Ötlingen|Wendlingen(Neckar)|Wernau(Neckar)|Plochingen|Altbach|Esslingen-Zell,8004528,Oberesslingen,Baden-Württemberg,Esslingen am Neckar,73730,9.327277435,48.72983585,3,2506080745,,2506080745,,,,,,,,,,,0.0,0.0
-6655970972115007016-2506080650-8,7111,2506080715,2506080715,3,,S,1,Kirchheim(Teck)|Kirchheim(Teck)-Ötlingen|Wendlingen(Neckar)|Wernau(Neckar)|Plochingen|Altbach|Esslingen-Zell,8004528,Oberesslingen,Baden-Württemberg,Esslingen am Neckar,73730,9.327277435,48.72983585,3,2506080715,,2506080715,,,,,,,,,,,0.0,0.0
2798033046917737648-2506080616-22,7108,2506080715,2506080715,4,,S,1,Herrenberg|Nufringen|Gärtringen|Ehningen(b Böblingen)|Hulb|Böblingen|Goldberg(Württ)|Stuttgart-Rohr|Stuttgart-Vaihingen|Stuttgart-Österfeld|Stuttgart Universität|Stuttgart Schwabstr.|Stuttgart Feuersee|Stuttgart Stadtmitte|Stuttgart Hbf (tief)|Stuttgart-Bad Cannstatt|Stuttgart Neckarpark|Stuttgart-Untertürkheim|Stuttgart-Obertürkheim|Esslingen-Mettingen|Esslingen(Neckar),8004528,Oberesslingen,Baden-Württemberg,Esslingen am Neckar,73730,9.327277435,48.72983585,3,2506080720,,2506080721,,,,,,,,,,,5.0,6.0
5272483483463518436-2506080648-13,19118,2506080728,,1,,MEX,,Geislingen(Steige)|Geislingen(Steige)West|Kuchen|Gingen(Fils)|Süßen|Salach|Eislingen(Fils)|Göppingen|Faurndau|Uhingen|Ebersbach(Fils)|Reichenbach(Fils),8000302,Plochingen,Baden-Württemberg,Plochingen,73207,9.411294578,48.71293906,2,2506080728,,,,,,,,,,,,,0.0,0.0
7447640299994719946-2506080656-4,19237,2506080713,2506080714,9,,MEX,12,Stuttgart Hbf|Stuttgart-Bad Cannstatt|Esslingen(Neckar),8000302,Plochingen,Baden-Württemberg,Plochingen,73207,9.411294578,48.71293906,2,2506080715,,2506080716,,,,,,,,,,,2.0,2.0
-6035406151764555985-2506080633-8,19306,2506080714,2506080717,6,,MEX,18,Tübingen Hbf|Reutlingen Hbf|Metzingen(Württ)|Bempflingen|Nürtingen|Oberboihingen|Wendlingen(Neckar),8000302,Plochingen,Baden-Württemberg,Plochingen,73207,9.411294578,48.71293906,2,2506080716,,2506080718,,,,,,,,,,,2.0,1.0
-8108385215609287130-2506080646-25,7110,2506080752,2506080755,9,,S,1,Herrenberg|Nufringen|Gärtringen|Ehningen(b Böblingen)|Hulb|Böblingen|Goldberg(Württ)|Stuttgart-Rohr|Stuttgart-Vaihingen|Stuttgart-Österfeld|Stuttgart Universität|Stuttgart Schwabstr.|Stuttgart Feuersee|Stuttgart Stadtmitte|Stuttgart Hbf (tief)|Stuttgart-Bad Cannstatt|Stuttgart Neckarpark|Stuttgart-Untertürkheim|Stuttgart-Obertürkheim|Esslingen-Mettingen|Esslingen(Neckar)|Oberesslingen|Esslingen-Zell|Altbach,8000302,Plochingen,Baden-Württemberg,Plochingen,73207,9.411294578,48.71293906,2,2506080756,,2506080756,,,,,,,,,,,4.0,1.0
-7709757529463307534-2506080720-5,7113,2506080735,2506080738,9,,S,1,Kirchheim(Teck)|Kirchheim(Teck)-Ötlingen|Wendlingen(Neckar)|Wernau(Neckar),8000302,Plochingen,Baden-Württemberg,Plochingen,73207,9.411294578,48.71293906,2,2506080735,,2506080738,,,,,,,,,,,0.0,0.0
3846919062221562949-2506080730-1,19119,,2506080730,,,MEX,16,,8000302,Plochingen,Baden-Württemberg,Plochingen,73207,9.411294578,48.71293906,2,,,2506080730,3,,,,,,,,,,0.0,0.0
-1196920195167754256-2506080757-1,19121,,2506080757,,,MEX,16,,8000302,Plochingen,Baden-Württemberg,Plochingen,73207,9.411294578,48.71293906,2,,,2506080800,1,,,,,,,,,,0.0,3.0
-6655970972115007016-2506080650-5,7111,2506080705,2506080708,9,,S,1,Kirchheim(Teck)|Kirchheim(Teck)-Ötlingen|Wendlingen(Neckar)|Wernau(Neckar),8000302,Plochingen,Baden-Württemberg,Plochingen,73207,9.411294578,48.71293906,2,2506080706,,2506080708,,,,,,,,,,,1.0,0.0
6656782556908432405-2506080620-14,19211,2506080742,2506080745,9,,MEX,18,Neckarsulm|Heilbronn Sülmertor|Heilbronn Hbf|Nordheim(Württ)|Lauffen(Neckar)|Kirchheim(Neckar)|Walheim(Württ)|Besigheim|Bietigheim-Bissingen|Ludwigsburg|Stuttgart Hbf|Stuttgart-Bad Cannstatt|Esslingen(Neckar),8000302,Plochingen,Baden-Württemberg,Plochingen,73207,9.411294578,48.71293906,2,2506080742,,2506080745,,c,,,,,,,,,0.0,0.0
-416932309524575756-2506080713-13,19120,2506080757,,1,,MEX,,Geislingen(Steige)|Geislingen(Steige)West|Kuchen|Gingen(Fils)|Süßen|Salach|Eislingen(Fils)|Göppingen|Faurndau|Uhingen|Ebersbach(Fils)|Reichenbach(Fils),8000302,Plochingen,Baden-Württemberg,Plochingen,73207,9.411294578,48.71293906,2,2506080820,,,,,,,,,,,,,23.0,0.0
-4169867270664203455-2506080700-2,1824,2506080715,2506080718,4,,SVG,RE3,Stuttgart Hbf,8000302,Plochingen,Baden-Württemberg,Plochingen,73207,9.411294578,48.71293906,2,2506080718,7,2506080720,7,,,,,,,,,,3.0,2.0
2798033046917737648-2506080616-25,7108,2506080722,2506080725,9,,S,1,Herrenberg|Nufringen|Gärtringen|Ehningen(b Böblingen)|Hulb|Böblingen|Goldberg(Württ)|Stuttgart-Rohr|Stuttgart-Vaihingen|Stuttgart-Österfeld|Stuttgart Universität|Stuttgart Schwabstr.|Stuttgart Feuersee|Stuttgart Stadtmitte|Stuttgart Hbf (tief)|Stuttgart-Bad Cannstatt|Stuttgart Neckarpark|Stuttgart-Untertürkheim|Stuttgart-Obertürkheim|Esslingen-Mettingen|Esslingen(Neckar)|Oberesslingen|Esslingen-Zell|Altbach,8000302,Plochingen,Baden-Württemberg,Plochingen,73207,9.411294578,48.71293906,2,2506080727,10,2506080729,10,,,,,,,,,,5.0,4.0
1633376945512703812-2506080736-3,4207,2506080751,2506080756,4,,RE,5,Stuttgart Hbf|Esslingen(Neckar),8000302,Plochingen,Baden-Württemberg,Plochingen,73207,9.411294578,48.71293906,2,2506080753,6,2506080756,6,h,1,Störung,,,,,,,2.0,0.0
1171775499323890807-2506080709-1,7010,,2506080709,,,S,60,,8000313,Renningen,Baden-Württemberg,Renningen,71272,8.932650148,48.77515509,3,,,2506080709,,,,,,,,,,,0.0,0.0
3592955462745051107-2506080734-7,7011,2506080750,,2,,S,,Böblingen|Sindelfingen|Maichingen|Maichingen Nord|Magstadt|Renningen Süd,8000313,Renningen,Baden-Württemberg,Renningen,71272,8.932650148,48.77515509,3,2506080751,,,,,,,,,,,,,1.0,0.0
3957411612578008716-2506080712-15,7608,2506080749,2506080752,3,,S,6,Stuttgart Schwabstr.|Stuttgart Feuersee|Stuttgart Stadtmitte|Stuttgart Hbf (tief)|Stuttgart Nord|Stuttgart-Feuerbach|Stuttgart-Zuffenhausen|Neuwirtshaus(Porscheplatz)|Korntal|Weilimdorf|Ditzingen|Höfingen|Leonberg|Rutesheim,8000313,Renningen,Baden-Württemberg,Renningen,71272,8.932650148,48.77515509,3,2506080749,,2506080752,,,,,,,,,,,0.0,0.0
-1347709455583751185-2506080733-3,7613,2506080737,2506080741,2,,S,6,Weil der Stadt|Malmsheim,8000313,Renningen,Baden-Württemberg,Renningen,71272,8.932650148,48.77515509,3,2506080738,,2506080741,,,,,,,,,,,1.0,0.0
-4329481721077865051-2506080739-1,7012,,2506080739,,,S,60,,8000313,Renningen,Baden-Württemberg,Renningen,71272,8.932650148,48.77515509,3,,,2506080740,,,,,,,,,,,0.0,1.0
4433222154122274025-2506080703-3,7611,2506080707,2506080711,2,,S,6,Weil der Stadt|Malmsheim,8000313,Renningen,Baden-Württemberg,Renningen,71272,8.932650148,48.77515509,3,2506080708,,2506080711,,,,,,,,,,,1.0,0.0
-6595517868678510983-2506080648-9,7211,2506080706,2506080707,2,,S,2,Schorndorf|Weiler(Rems)|Winterbach(b Schorndorf)|Geradstetten|Grunbach|Beutelsbach|Endersbach|Stetten-Beinstein,8005157,Rommelshausen,Baden-Württemberg,Kernen,71394,9.319175885,48.81552017,4,2506080707,,2506080707,,,,,,,,,,,1.0,0.0
3888224273021493436-2506080718-9,7213,2506080736,2506080737,2,,S,2,Schorndorf|Weiler(Rems)|Winterbach(b Schorndorf)|Geradstetten|Grunbach|Beutelsbach|Endersbach|Stetten-Beinstein,8005157,Rommelshausen,Baden-Württemberg,Kernen,71394,9.319175885,48.81552017,4,2506080736,,2506080737,,,,,,,,,,,0.0,0.0
3330235600947433352-2506080703-19,7208,2506080752,2506080752,1,,S,2,Filderstadt|Stuttgart Flughafen/Messe|Echterdingen|Leinfelden|Oberaichen|Stuttgart-Rohr|Stuttgart-Vaihingen|Stuttgart-Österfeld|Stuttgart Universität|Stuttgart Schwabstr.|Stuttgart Feuersee|Stuttgart Stadtmitte|Stuttgart Hbf (tief)|Stuttgart-Bad Cannstatt|Stuttgart Nürnberger Str.|Stuttgart-Sommerrain|Fellbach|Waiblingen,8005157,Rommelshausen,Baden-Württemberg,Kernen,71394,9.319175885,48.81552017,4,2506080752,,2506080752,,,,,,,,,,,0.0,0.0
3957411612578008716-2506080712-14,7608,2506080746,2506080746,2,,S,6,Stuttgart Schwabstr.|Stuttgart Feuersee|Stuttgart Stadtmitte|Stuttgart Hbf (tief)|Stuttgart Nord|Stuttgart-Feuerbach|Stuttgart-Zuffenhausen|Neuwirtshaus(Porscheplatz)|Korntal|Weilimdorf|Ditzingen|Höfingen|Leonberg,8005236,Rutesheim,Baden-Württemberg,Leonberg,71229,8.960325242,48.79031093,5,2506080746,,2506080747,,,,,,,,,,,0.0,1.0
-1347709455583751185-2506080733-4,7613,2506080743,2506080744,1,,S,6,Weil der Stadt|Malmsheim|Renningen,8005236,Rutesheim,Baden-Württemberg,Leonberg,71229,8.960325242,48.79031093,5,2506080744,,2506080744,,,,,,,,,,,1.0,0.0
4433222154122274025-2506080703-4,7611,2506080713,2506080714,1,,S,6,Weil der Stadt|Malmsheim|Renningen,8005236,Rutesheim,Baden-Württemberg,Leonberg,71229,8.960325242,48.79031093,5,2506080714,,2506080714,,,,,,,,,,,1.0,0.0
1919092743751022186-2506080603-27,7204,2506080710,,1,,S,,Filderstadt|Stuttgart Flughafen/Messe|Echterdingen|Leinfelden|Oberaichen|Stuttgart-Rohr|Stuttgart-Vaihingen|Stuttgart-Österfeld|Stuttgart Universität|Stuttgart Schwabstr.|Stuttgart Feuersee|Stuttgart Stadtmitte|Stuttgart Hbf (tief)|Stuttgart-Bad Cannstatt|Stuttgart Nürnberger Str.|Stuttgart-Sommerrain|Fellbach|Waiblingen|Rommelshausen|Stetten-Beinstein|Endersbach|Beutelsbach|Grunbach|Geradstetten|Winterbach(b Schorndorf)|Weiler(Rems),8005424,Schorndorf,Baden-Württemberg,Schorndorf,73614,9.525686251,48.80693898,3,2506080712,,,,,,,,,,,,,2.0,0.0
-1590497965188234876-2506080635-9,19410,2506080713,2506080714,3,,MEX,13,Aalen Hbf|Mögglingen(Gmünd)|Böbingen(Rems)|Schwäbisch Gmünd|Lorch(Württ)|Waldhausen(b Schorndorf)|Plüderhausen|Urbach(b Schorndorf),8005424,Schorndorf,Baden-Württemberg,Schorndorf,73614,9.525686251,48.80693898,3,2506080712,,2506080714,,,,,,,,,,,-1.0,0.0
3888224273021493436-2506080718-1,7213,,2506080718,,,S,2,,8005424,Schorndorf,Baden-Württemberg,Schorndorf,73614,9.525686251,48.80693898,3,,,2506080718,,,,,,,,,,,0.0,0.0
-4047123837810011442-2506080732-2,19457,2506080743,2506080744,2,,MEX,13,Waiblingen,8005424,Schorndorf,Baden-Württemberg,Schorndorf,73614,9.525686251,48.80693898,3,2506080743,,2506080744,,,,,,,,,,,0.0,0.0
-5804237943130712983-2506080748-1,7215,,2506080748,,,S,2,,8005424,Schorndorf,Baden-Württemberg,Schorndorf,73614,9.525686251,48.80693898,3,,,2506080748,,,,,,,,,,,0.0,0.0
4826883919594967427-2506080648-19,7308,2506080736,2506080736,2,,S,3,Stuttgart Flughafen/Messe|Echterdingen|Leinfelden|Oberaichen|Stuttgart-Rohr|Stuttgart-Vaihingen|Stuttgart-Österfeld|Stuttgart Universität|Stuttgart Schwabstr.|Stuttgart Feuersee|Stuttgart Stadtmitte|Stuttgart Hbf (tief)|Stuttgart-Bad Cannstatt|Stuttgart Nürnberger Str.|Stuttgart-Sommerrain|Fellbach|Waiblingen|Neustadt-Hohenacker,8005454,Schwaikheim,Baden-Württemberg,Schwaikheim,71409,9.354747358,48.86832665,4,2506080736,,2506080736,,,,,,,,,,,0.0,0.0
1183603668671718907-2506080741-5,7313,2506080752,2506080753,1,,S,3,Backnang|Maubach|Nellmersbach|Winnenden,8005454,Schwaikheim,Baden-Württemberg,Schwaikheim,71409,9.354747358,48.86832665,4,2506080753,,2506080753,,,,,,,,,,,1.0,0.0
-2915141727268180381-2506080711-5,7311,2506080722,2506080723,1,,S,3,Backnang|Maubach|Nellmersbach|Winnenden,8005454,Schwaikheim,Baden-Württemberg,Schwaikheim,71409,9.354747358,48.86832665,4,2506080722,,2506080723,,,,,,,,,,,0.0,0.0
1171775499323890807-2506080709-6,7010,2506080722,2506080723,1,,S,60,Renningen|Renningen Süd|Magstadt|Maichingen Nord|Maichingen,8005574,Sindelfingen,Baden-Württemberg,Sindelfingen,71063,8.999262079,48.70387346,6,2506080722,,2506080723,,,,,,,,,,,0.0,0.0
3592955462745051107-2506080734-2,7011,2506080736,2506080737,1,,S,60,Böblingen,8005574,Sindelfingen,Baden-Württemberg,Sindelfingen,71063,8.999262079,48.70387346,6,2506080737,,2506080737,,,,,,,,,,,1.0,0.0
-4329481721077865051-2506080739-6,7012,2506080752,2506080753,1,,S,60,Renningen|Renningen Süd|Magstadt|Maichingen Nord|Maichingen,8005574,Sindelfingen,Baden-Württemberg,Sindelfingen,71063,8.999262079,48.70387346,6,2506080754,,2506080753,,,,,,,,,,,2.0,0.0
-6595517868678510983-2506080648-8,7211,2506080704,2506080704,2,,S,2,Schorndorf|Weiler(Rems)|Winterbach(b Schorndorf)|Geradstetten|Grunbach|Beutelsbach|Endersbach,8005726,Stetten-Beinstein,Baden-Württemberg,Weinstadt,71384,9.352769725,48.81199601,5,2506080704,,2506080704,,,,,,,,,,,0.0,0.0
3888224273021493436-2506080718-8,7213,2506080734,2506080734,2,,S,2,Schorndorf|Weiler(Rems)|Winterbach(b Schorndorf)|Geradstetten|Grunbach|Beutelsbach|Endersbach,8005726,Stetten-Beinstein,Baden-Württemberg,Weinstadt,71384,9.352769725,48.81199601,5,2506080734,,2506080734,,,,,,,,,,,0.0,0.0
3330235600947433352-2506080703-20,7208,2506080754,2506080754,1,,S,2,Filderstadt|Stuttgart Flughafen/Messe|Echterdingen|Leinfelden|Oberaichen|Stuttgart-Rohr|Stuttgart-Vaihingen|Stuttgart-Österfeld|Stuttgart Universität|Stuttgart Schwabstr.|Stuttgart Feuersee|Stuttgart Stadtmitte|Stuttgart Hbf (tief)|Stuttgart-Bad Cannstatt|Stuttgart Nürnberger Str.|Stuttgart-Sommerrain|Fellbach|Waiblingen|Rommelshausen,8005726,Stetten-Beinstein,Baden-Württemberg,Weinstadt,71384,9.352769725,48.81199601,5,2506080754,,2506080754,,,,,,,,,,,0.0,0.0
443201353460676242-2506080611-14,19369,2506080712,,7,,MEX,,Pforzheim Hbf|Eutingen(Baden)|Niefern|Enzberg|Mühlacker|Mühlacker Rößlesweg|Illingen(Württ)|Vaihingen(Enz)|Sersheim|Sachsenheim|Ellental|Bietigheim-Bissingen|Ludwigsburg,8000096,Stuttgart Hbf,Baden-Württemberg,Stuttgart,70173,9.183172973,48.78473069,1,2506080714,,,,,,,,,,,,,2.0,0.0
7951042695241635765-2506080712-1,963,,2506080712,,,WB,,,8000096,Stuttgart Hbf,Baden-Württemberg,Stuttgart,70173,9.183172973,48.78473069,1,,,2506080712,,,,,,,,,,,0.0,0.0
-6035406151764555985-2506080633-11,19306,2506080736,2506080743,8,,MEX,18,Tübingen Hbf|Reutlingen Hbf|Metzingen(Württ)|Bempflingen|Nürtingen|Oberboihingen|Wendlingen(Neckar)|Plochingen|Esslingen(Neckar)|Stuttgart-Bad Cannstatt,8000096,Stuttgart Hbf,Baden-Württemberg,Stuttgart,70173,9.183172973,48.78473069,1,2506080740,,2506080744,,,,,,,,,,,4.0,1.0
-6789628039525088979-2506080537-25,56719,2506080743,,6,,RB,,Lauda|Boxberg-Wölchingen|Eubigheim|Rosenberg(Baden)|Osterburken|Adelsheim Ost|Sennfeld|Roigheim|Möckmühl|Züttlingen|Siglingen|Neudenau|Herbolzheim(Jagst)|Untergriesheim|Bad Friedrichshall Hbf|Neckarsulm|Heilbronn Hbf|Nordheim(Württ)|Lauffen(Neckar)|Kirchheim(Neckar)|Walheim(Württ)|Besigheim|Bietigheim-Bissingen|Ludwigsburg,8000096,Stuttgart Hbf,Baden-Württemberg,Stuttgart,70173,9.183172973,48.78473069,1,2506080744,,,,h,2,Information,,,,,,,1.0,0.0
-9082308221834480313-2506080752-1,17513,,2506080752,,,MEX,90,,8000096,Stuttgart Hbf,Baden-Württemberg,Stuttgart,70173,9.183172973,48.78473069,1,,,2506080752,,h,1,Störung,,,,,,,0.0,0.0
8473955909455212375-2506080752-1,19351,,2506080752,,,MEX,12,,8000096,Stuttgart Hbf,Baden-Württemberg,Stuttgart,70173,9.183172973,48.78473069,1,,,2506080754,12,,,,,,,,,,0.0,2.0
-1784789818441515459-2506080707-1,63372,,2506080707,,,RE,8,,8000096,Stuttgart Hbf,Baden-Württemberg,Stuttgart,70173,9.183172973,48.78473069,1,,,2506080651,,h,2,Information,,,,,,,0.0,-16.0
-911319629498153735-2506080747-1,19504,,2506080747,,,MEX,17a,,8000096,Stuttgart Hbf,Baden-Württemberg,Stuttgart,70173,9.183172973,48.78473069,1,,,2506080747,,,,,,,,,,,0.0,0.0
4178793572863103484-2506080526-5,991,2506080708,2506080715,15,,ICE,,Wiesbaden Hbf|Mainz Hbf|Worms Hbf|Mannheim Hbf,8000096,Stuttgart Hbf,Baden-Württemberg,Stuttgart,70173,9.183172973,48.78473069,1,2506080712,,2506080717,,h,3,Information,,,,,,,4.0,2.0
-1036339123872447767-2506080717-1,1240,,2506080717,,,FLX,10,,8000096,Stuttgart Hbf,Baden-Württemberg,Stuttgart,70173,9.183172973,48.78473069,1,,,2506080720,,,,,,,,,,,0.0,3.0
4660009984695841930-2506080759-1,217,,2506080759,,,EC,,,8000096,Stuttgart Hbf,Baden-Württemberg,Stuttgart,70173,9.183172973,48.78473069,1,,,2506080759,5,,,,,,,,,,0.0,0.0
6656782556908432405-2506080620-11,19211,2506080715,2506080723,16,,MEX,18,Neckarsulm|Heilbronn Sülmertor|Heilbronn Hbf|Nordheim(Württ)|Lauffen(Neckar)|Kirchheim(Neckar)|Walheim(Württ)|Besigheim|Bietigheim-Bissingen|Ludwigsburg,8000096,Stuttgart Hbf,Baden-Württemberg,Stuttgart,70173,9.183172973,48.78473069,1,2506080717,,2506080723,,,,,,,,,,,2.0,0.0
-8737122798425483295-2506080614-11,17620,2506080742,,2,,RE,,Rottweil|Oberndorf(Neckar)|Sulz(Neckar)|Horb|Eutingen im Gäu|Ergenzingen|Bondorf(b Herrenberg)|Gäufelden|Herrenberg|Böblingen,8000096,Stuttgart Hbf,Baden-Württemberg,Stuttgart,70173,9.183172973,48.78473069,1,2506080742,,,,h,1,Störung,,,,,,,0.0,0.0
-4169867270664203455-2506080700-1,1824,,2506080700,,,SVG,RE3,,8000096,Stuttgart Hbf,Baden-Württemberg,Stuttgart,70173,9.183172973,48.78473069,1,,,,16,,,,,,,,,,0.0,0.0
1513085013914856695-2506080732-1,19004,,2506080732,,,RE,1,,8000096,Stuttgart Hbf,Baden-Württemberg,Stuttgart,70173,9.183172973,48.78473069,1,,,2506080732,,,,,,,,,,,0.0,0.0
-1618433914809757000-2506080724-1,772,,2506080724,,,ICE,,,8000096,Stuttgart Hbf,Baden-Württemberg,Stuttgart,70173,9.183172973,48.78473069,1,,,2506080724,,h,2,Information,,,,,,,0.0,0.0
1633376945512703812-2506080736-1,4207,,2506080736,,,RE,5,,8000096,Stuttgart Hbf,Baden-Württemberg,Stuttgart,70173,9.183172973,48.78473069,1,,,2506080736,12,h,1,Störung,,,,,,,0.0,0.0
6648849532750511592-2506080715-1,17695,,2506080715,,,RE,4,,8000096,Stuttgart Hbf,Baden-Württemberg,Stuttgart,70173,9.183172973,48.78473069,1,,,2506080715,,h,3,Information,,,,,,,0.0,0.0
67517114520381301-2506080532-5,614,2506080745,2506080751,9,,ICE,,München Hbf|München-Pasing|Augsburg Hbf|Ulm Hbf,8000096,Stuttgart Hbf,Baden-Württemberg,Stuttgart,70173,9.183172973,48.78473069,1,2506080745,,2506080752,,h,2,Information,,,,,,,0.0,1.0
868194809740576063-2506080553-7,897,2506080737,2506080744,15,,RJX,,Frankfurt(Main)Hbf|Darmstadt Hbf|Bensheim|Weinheim(Bergstr)Hbf|Heidelberg Hbf|Wiesloch-Walldorf,8000096,Stuttgart Hbf,Baden-Württemberg,Stuttgart,70173,9.183172973,48.78473069,1,2506080754,,2506080800,,c,,,,,,,,,17.0,16.0
-8108385215609287130-2506080646-17,7110,2506080732,2506080732,2,,S,1,Herrenberg|Nufringen|Gärtringen|Ehningen(b Böblingen)|Hulb|Böblingen|Goldberg(Württ)|Stuttgart-Rohr|Stuttgart-Vaihingen|Stuttgart-Österfeld|Stuttgart Universität|Stuttgart Schwabstr.|Stuttgart Feuersee|Stuttgart Stadtmitte|Stuttgart Hbf (tief)|Stuttgart-Bad Cannstatt,8006743,Stuttgart Neckarpark,Baden-Württemberg,Stuttgart,70372,9.24106855,48.79194362,4,2506080734,,2506080734,,,,,,,,,,,2.0,2.0
-7709757529463307534-2506080720-13,7113,2506080757,2506080757,1,,S,1,Kirchheim(Teck)|Kirchheim(Teck)-Ötlingen|Wendlingen(Neckar)|Wernau(Neckar)|Plochingen|Altbach|Esslingen-Zell|Oberesslingen|Esslingen(Neckar)|Esslingen-Mettingen|Stuttgart-Obertürkheim|Stuttgart-Untertürkheim,8006743,Stuttgart Neckarpark,Baden-Württemberg,Stuttgart,70372,9.24106855,48.79194362,4,2506080757,,2506080758,,,,,,,,,,,0.0,1.0
-6655970972115007016-2506080650-13,7111,2506080727,2506080727,1,,S,1,Kirchheim(Teck)|Kirchheim(Teck)-Ötlingen|Wendlingen(Neckar)|Wernau(Neckar)|Plochingen|Altbach|Esslingen-Zell|Oberesslingen|Esslingen(Neckar)|Esslingen-Mettingen|Stuttgart-Obertürkheim|Stuttgart-Untertürkheim,8006743,Stuttgart Neckarpark,Baden-Württemberg,Stuttgart,70372,9.24106855,48.79194362,4,2506080730,,2506080731,,,,,,,,,,,3.0,4.0
2798033046917737648-2506080616-17,7108,2506080702,2506080702,2,,S,1,Herrenberg|Nufringen|Gärtringen|Ehningen(b Böblingen)|Hulb|Böblingen|Goldberg(Württ)|Stuttgart-Rohr|Stuttgart-Vaihingen|Stuttgart-Österfeld|Stuttgart Universität|Stuttgart Schwabstr.|Stuttgart Feuersee|Stuttgart Stadtmitte|Stuttgart Hbf (tief)|Stuttgart-Bad Cannstatt,8006743,Stuttgart Neckarpark,Baden-Württemberg,Stuttgart,70372,9.24106855,48.79194362,4,2506080704,,2506080705,,,,,,,,,,,2.0,3.0
-2856928912084347734-2506080722-5,7510,2506080731,2506080731,3,,S,5,Stuttgart Schwabstr.|Stuttgart Feuersee|Stuttgart Stadtmitte|Stuttgart Hbf (tief),8005767,Stuttgart Nord,Baden-Württemberg,Stuttgard-Nord,70174,9.188061449,48.80374161,5,2506080731,,2506080732,,,,,,,,,,,0.0,1.0
-5856161558368495320-2506080737-8,7513,2506080758,2506080759,4,,S,5,Bietigheim-Bissingen|Tamm(Württ)|Asperg|Ludwigsburg|Kornwestheim Pbf|Stuttgart-Zuffenhausen|Stuttgart-Feuerbach,8005767,Stuttgart Nord,Baden-Württemberg,Stuttgard-Nord,70174,9.188061449,48.80374161,5,2506080758,,2506080759,,,,,,,,,,,0.0,0.0
3957411612578008716-2506080712-5,7608,2506080721,2506080721,3,,S,6,Stuttgart Schwabstr.|Stuttgart Feuersee|Stuttgart Stadtmitte|Stuttgart Hbf (tief),8005767,Stuttgart Nord,Baden-Württemberg,Stuttgard-Nord,70174,9.188061449,48.80374161,5,2506080722,,2506080723,,,,,,,,,,,1.0,2.0
7155033421118958991-2506080707-8,7511,2506080728,2506080729,4,,S,5,Bietigheim-Bissingen|Tamm(Württ)|Asperg|Ludwigsburg|Kornwestheim Pbf|Stuttgart-Zuffenhausen|Stuttgart-Feuerbach,8005767,Stuttgart Nord,Baden-Württemberg,Stuttgard-Nord,70174,9.188061449,48.80374161,5,2506080729,,2506080729,,,,,,,,,,,1.0,0.0
-2096809252009887696-2506080702-5,7406,2506080711,2506080711,3,,S,4,Stuttgart Schwabstr.|Stuttgart Feuersee|Stuttgart Stadtmitte|Stuttgart Hbf (tief),8005767,Stuttgart Nord,Baden-Württemberg,Stuttgard-Nord,70174,9.188061449,48.80374161,5,2506080712,,2506080713,,,,,,,,,,,1.0,2.0
4433222154122274025-2506080703-13,7611,2506080738,2506080739,4,,S,6,Weil der Stadt|Malmsheim|Renningen|Rutesheim|Leonberg|Höfingen|Ditzingen|Weilimdorf|Korntal|Neuwirtshaus(Porscheplatz)|Stuttgart-Zuffenhausen|Stuttgart-Feuerbach,8005767,Stuttgart Nord,Baden-Württemberg,Stuttgard-Nord,70174,9.188061449,48.80374161,5,2506080738,,2506080739,,,,,,,,,,,0.0,0.0
859497721048976458-2506080725-9,7411,2506080748,2506080749,4,,S,4,Marbach(Neckar)|Benningen(Neckar)|Freiberg(Neckar)|Favoritepark|Ludwigsburg|Kornwestheim Pbf|Stuttgart-Zuffenhausen|Stuttgart-Feuerbach,8005767,Stuttgart Nord,Baden-Württemberg,Stuttgard-Nord,70174,9.188061449,48.80374161,5,2506080748,,2506080749,,,,,,,,,,,0.0,0.0
-6595517868678510983-2506080648-13,7211,2506080717,2506080718,1,,S,2,Schorndorf|Weiler(Rems)|Winterbach(b Schorndorf)|Geradstetten|Grunbach|Beutelsbach|Endersbach|Stetten-Beinstein|Rommelshausen|Waiblingen|Fellbach|Stuttgart-Sommerrain,8004357,Stuttgart Nürnberger Straße,Baden-Württemberg,Stuttgart,70374,9.234576905,48.80656062,5,2506080717,,2506080718,,,,,,,,,,,0.0,0.0
4826883919594967427-2506080648-14,7308,2506080722,2506080722,4,,S,3,Stuttgart Flughafen/Messe|Echterdingen|Leinfelden|Oberaichen|Stuttgart-Rohr|Stuttgart-Vaihingen|Stuttgart-Österfeld|Stuttgart Universität|Stuttgart Schwabstr.|Stuttgart Feuersee|Stuttgart Stadtmitte|Stuttgart Hbf (tief)|Stuttgart-Bad Cannstatt,8004357,Stuttgart Nürnberger Straße,Baden-Württemberg,Stuttgart,70374,9.234576905,48.80656062,5,2506080722,,2506080722,,,,,,,,,,,0.0,0.0
3888224273021493436-2506080718-13,7213,2506080747,2506080748,1,,S,2,Schorndorf|Weiler(Rems)|Winterbach(b Schorndorf)|Geradstetten|Grunbach|Beutelsbach|Endersbach|Stetten-Beinstein|Rommelshausen|Waiblingen|Fellbach|Stuttgart-Sommerrain,8004357,Stuttgart Nürnberger Straße,Baden-Württemberg,Stuttgart,70374,9.234576905,48.80656062,5,2506080747,,2506080748,,,,,,,,,,,0.0,0.0
3330235600947433352-2506080703-15,7208,2506080742,2506080742,4,,S,2,Filderstadt|Stuttgart Flughafen/Messe|Echterdingen|Leinfelden|Oberaichen|Stuttgart-Rohr|Stuttgart-Vaihingen|Stuttgart-Österfeld|Stuttgart Universität|Stuttgart Schwabstr.|Stuttgart Feuersee|Stuttgart Stadtmitte|Stuttgart Hbf (tief)|Stuttgart-Bad Cannstatt,8004357,Stuttgart Nürnberger Straße,Baden-Württemberg,Stuttgart,70374,9.234576905,48.80656062,5,2506080742,,2506080742,,,,,,,,,,,0.0,0.0
5233930570318938602-2506080730-9,7310,2506080752,2506080752,4,,S,3,Stuttgart-Vaihingen|Stuttgart-Österfeld|Stuttgart Universität|Stuttgart Schwabstr.|Stuttgart Feuersee|Stuttgart Stadtmitte|Stuttgart Hbf (tief)|Stuttgart-Bad Cannstatt,8004357,Stuttgart Nürnberger Straße,Baden-Württemberg,Stuttgart,70374,9.234576905,48.80656062,5,2506080752,,2506080752,,,,,,,,,,,0.0,0.0
-2915141727268180381-2506080711-10,7311,2506080737,2506080738,1,,S,3,Backnang|Maubach|Nellmersbach|Winnenden|Schwaikheim|Neustadt-Hohenacker|Waiblingen|Fellbach|Stuttgart-Sommerrain,8004357,Stuttgart Nürnberger Straße,Baden-Württemberg,Stuttgart,70374,9.234576905,48.80656062,5,2506080737,,2506080738,,,,,,,,,,,0.0,0.0
-6595517868678510983-2506080648-20,7211,2506080737,2506080737,1,,S,2,Schorndorf|Weiler(Rems)|Winterbach(b Schorndorf)|Geradstetten|Grunbach|Beutelsbach|Endersbach|Stetten-Beinstein|Rommelshausen|Waiblingen|Fellbach|Stuttgart-Sommerrain|Stuttgart Nürnberger Str.|Stuttgart-Bad Cannstatt|Stuttgart Hbf (tief)|Stuttgart Stadtmitte|Stuttgart Feuersee|Stuttgart Schwabstr.|Stuttgart Universität,8005779,Stuttgart Österfeld,Baden-Württemberg,Stuttgart,70563,9.116751457,48.73749946,4,2506080736,,2506080737,,,,,,,,,,,-1.0,0.0
-8108385215609287130-2506080646-10,7110,2506080712,2506080712,2,,S,1,Herrenberg|Nufringen|Gärtringen|Ehningen(b Böblingen)|Hulb|Böblingen|Goldberg(Württ)|Stuttgart-Rohr|Stuttgart-Vaihingen,8005779,Stuttgart Österfeld,Baden-Württemberg,Stuttgart,70563,9.116751457,48.73749946,4,2506080712,,2506080712,,,,,,,,,,,0.0,0.0
4826883919594967427-2506080648-7,7308,2506080702,2506080702,2,,S,3,Stuttgart Flughafen/Messe|Echterdingen|Leinfelden|Oberaichen|Stuttgart-Rohr|Stuttgart-Vaihingen,8005779,Stuttgart Österfeld,Baden-Württemberg,Stuttgart,70563,9.116751457,48.73749946,4,2506080702,,2506080703,,,,,,,,,,,0.0,1.0
3330235600947433352-2506080703-8,7208,2506080722,2506080722,2,,S,2,Filderstadt|Stuttgart Flughafen/Messe|Echterdingen|Leinfelden|Oberaichen|Stuttgart-Rohr|Stuttgart-Vaihingen,8005779,Stuttgart Österfeld,Baden-Württemberg,Stuttgart,70563,9.116751457,48.73749946,4,2506080722,,2506080722,,,,,,,,,,,0.0,0.0
5233930570318938602-2506080730-2,7310,2506080732,2506080732,2,,S,3,Stuttgart-Vaihingen,8005779,Stuttgart Österfeld,Baden-Württemberg,Stuttgart,70563,9.116751457,48.73749946,4,2506080731,,2506080732,,,,,,,,,,,-1.0,0.0
-2915141727268180381-2506080711-17,7311,2506080757,2506080757,1,,S,3,Backnang|Maubach|Nellmersbach|Winnenden|Schwaikheim|Neustadt-Hohenacker|Waiblingen|Fellbach|Stuttgart-Sommerrain|Stuttgart Nürnberger Str.|Stuttgart-Bad Cannstatt|Stuttgart Hbf (tief)|Stuttgart Stadtmitte|Stuttgart Feuersee|Stuttgart Schwabstr.|Stuttgart Universität,8005779,Stuttgart Österfeld,Baden-Württemberg,Stuttgart,70563,9.116751457,48.73749946,4,2506080757,,2506080757,,,,,,,,,,,0.0,0.0
-6655970972115007016-2506080650-20,7111,2506080747,2506080747,1,,S,1,Kirchheim(Teck)|Kirchheim(Teck)-Ötlingen|Wendlingen(Neckar)|Wernau(Neckar)|Plochingen|Altbach|Esslingen-Zell|Oberesslingen|Esslingen(Neckar)|Esslingen-Mettingen|Stuttgart-Obertürkheim|Stuttgart-Untertürkheim|Stuttgart Neckarpark|Stuttgart-Bad Cannstatt|Stuttgart Hbf (tief)|Stuttgart Stadtmitte|Stuttgart Feuersee|Stuttgart Schwabstr.|Stuttgart Universität,8005779,Stuttgart Österfeld,Baden-Württemberg,Stuttgart,70563,9.116751457,48.73749946,4,2506080749,,2506080750,,,,,,,,,,,2.0,3.0
9133098357832980471-2506080620-20,7109,2506080717,2506080717,1,,S,1,Kirchheim(Teck)|Kirchheim(Teck)-Ötlingen|Wendlingen(Neckar)|Wernau(Neckar)|Plochingen|Altbach|Esslingen-Zell|Oberesslingen|Esslingen(Neckar)|Esslingen-Mettingen|Stuttgart-Obertürkheim|Stuttgart-Untertürkheim|Stuttgart Neckarpark|Stuttgart-Bad Cannstatt|Stuttgart Hbf (tief)|Stuttgart Stadtmitte|Stuttgart Feuersee|Stuttgart Schwabstr.|Stuttgart Universität,8005779,Stuttgart Österfeld,Baden-Württemberg,Stuttgart,70563,9.116751457,48.73749946,4,2506080718,,2506080718,,,,,,,,,,,1.0,1.0
-2643490442022964578-2506080716-10,7112,2506080742,2506080742,2,,S,1,Herrenberg|Nufringen|Gärtringen|Ehningen(b Böblingen)|Hulb|Böblingen|Goldberg(Württ)|Stuttgart-Rohr|Stuttgart-Vaihingen,8005779,Stuttgart Österfeld,Baden-Württemberg,Stuttgart,70563,9.116751457,48.73749946,4,2506080744,,2506080744,,,,,,,,,,,2.0,2.0
-6595517868678510983-2506080648-19,7211,2506080735,2506080735,1,,S,2,Schorndorf|Weiler(Rems)|Winterbach(b Schorndorf)|Geradstetten|Grunbach|Beutelsbach|Endersbach|Stetten-Beinstein|Rommelshausen|Waiblingen|Fellbach|Stuttgart-Sommerrain|Stuttgart Nürnberger Str.|Stuttgart-Bad Cannstatt|Stuttgart Hbf (tief)|Stuttgart Stadtmitte|Stuttgart Feuersee|Stuttgart Schwabstr.,8006513,Stuttgart Universität,Baden-Württemberg,Stuttgart,70569,9.105864214,48.74511762,4,2506080734,,2506080735,,,,,,,,,,,-1.0,0.0
-8108385215609287130-2506080646-11,7110,2506080714,2506080714,2,,S,1,Herrenberg|Nufringen|Gärtringen|Ehningen(b Böblingen)|Hulb|Böblingen|Goldberg(Württ)|Stuttgart-Rohr|Stuttgart-Vaihingen|Stuttgart-Österfeld,8006513,Stuttgart Universität,Baden-Württemberg,Stuttgart,70569,9.105864214,48.74511762,4,2506080713,,2506080714,,,,,,,,,,,-1.0,0.0
4826883919594967427-2506080648-8,7308,2506080704,2506080704,2,,S,3,Stuttgart Flughafen/Messe|Echterdingen|Leinfelden|Oberaichen|Stuttgart-Rohr|Stuttgart-Vaihingen|Stuttgart-Österfeld,8006513,Stuttgart Universität,Baden-Württemberg,Stuttgart,70569,9.105864214,48.74511762,4,2506080704,,2506080705,,,,,,,,,,,0.0,1.0
3330235600947433352-2506080703-9,7208,2506080724,2506080724,2,,S,2,Filderstadt|Stuttgart Flughafen/Messe|Echterdingen|Leinfelden|Oberaichen|Stuttgart-Rohr|Stuttgart-Vaihingen|Stuttgart-Österfeld,8006513,Stuttgart Universität,Baden-Württemberg,Stuttgart,70569,9.105864214,48.74511762,4,2506080723,,2506080724,,,,,,,,,,,-1.0,0.0
5233930570318938602-2506080730-3,7310,2506080734,2506080734,2,,S,3,Stuttgart-Vaihingen|Stuttgart-Österfeld,8006513,Stuttgart Universität,Baden-Württemberg,Stuttgart,70569,9.105864214,48.74511762,4,2506080733,,2506080734,,,,,,,,,,,-1.0,0.0
-2915141727268180381-2506080711-16,7311,2506080755,2506080755,1,,S,3,Backnang|Maubach|Nellmersbach|Winnenden|Schwaikheim|Neustadt-Hohenacker|Waiblingen|Fellbach|Stuttgart-Sommerrain|Stuttgart Nürnberger Str.|Stuttgart-Bad Cannstatt|Stuttgart Hbf (tief)|Stuttgart Stadtmitte|Stuttgart Feuersee|Stuttgart Schwabstr.,8006513,Stuttgart Universität,Baden-Württemberg,Stuttgart,70569,9.105864214,48.74511762,4,2506080755,,2506080755,,,,,,,,,,,0.0,0.0
-6655970972115007016-2506080650-19,7111,2506080745,2506080745,1,,S,1,Kirchheim(Teck)|Kirchheim(Teck)-Ötlingen|Wendlingen(Neckar)|Wernau(Neckar)|Plochingen|Altbach|Esslingen-Zell|Oberesslingen|Esslingen(Neckar)|Esslingen-Mettingen|Stuttgart-Obertürkheim|Stuttgart-Untertürkheim|Stuttgart Neckarpark|Stuttgart-Bad Cannstatt|Stuttgart Hbf (tief)|Stuttgart Stadtmitte|Stuttgart Feuersee|Stuttgart Schwabstr.,8006513,Stuttgart Universität,Baden-Württemberg,Stuttgart,70569,9.105864214,48.74511762,4,2506080747,,2506080748,,,,,,,,,,,2.0,3.0
9133098357832980471-2506080620-19,7109,2506080715,2506080715,1,,S,1,Kirchheim(Teck)|Kirchheim(Teck)-Ötlingen|Wendlingen(Neckar)|Wernau(Neckar)|Plochingen|Altbach|Esslingen-Zell|Oberesslingen|Esslingen(Neckar)|Esslingen-Mettingen|Stuttgart-Obertürkheim|Stuttgart-Untertürkheim|Stuttgart Neckarpark|Stuttgart-Bad Cannstatt|Stuttgart Hbf (tief)|Stuttgart Stadtmitte|Stuttgart Feuersee|Stuttgart Schwabstr.,8006513,Stuttgart Universität,Baden-Württemberg,Stuttgart,70569,9.105864214,48.74511762,4,2506080716,,2506080717,,,,,,,,,,,1.0,2.0
-2643490442022964578-2506080716-11,7112,2506080744,2506080744,2,,S,1,Herrenberg|Nufringen|Gärtringen|Ehningen(b Böblingen)|Hulb|Böblingen|Goldberg(Württ)|Stuttgart-Rohr|Stuttgart-Vaihingen|Stuttgart-Österfeld,8006513,Stuttgart Universität,Baden-Württemberg,Stuttgart,70569,9.105864214,48.74511762,4,2506080746,,2506080746,,,,,,,,,,,2.0,2.0
7447640299994719946-2506080656-2,19237,2506080659,2506080700,8,,MEX,12,Stuttgart Hbf,8005769,Stuttgart-Bad Cannstatt,Baden-Württemberg,Stuttgart,70372,9.217468636,48.80127978,3,2506080700,,2506080701,,,,,,,,,,,1.0,1.0
-6595517868678510983-2506080648-14,7211,2506080720,2506080721,2,,S,2,Schorndorf|Weiler(Rems)|Winterbach(b Schorndorf)|Geradstetten|Grunbach|Beutelsbach|Endersbach|Stetten-Beinstein|Rommelshausen|Waiblingen|Fellbach|Stuttgart-Sommerrain|Stuttgart Nürnberger Str.,8005769,Stuttgart-Bad Cannstatt,Baden-Württemberg,Stuttgart,70372,9.217468636,48.80127978,3,2506080720,,2506080721,,,,,,,,,,,0.0,0.0
-6035406151764555985-2506080633-10,19306,2506080731,2506080732,4,,MEX,18,Tübingen Hbf|Reutlingen Hbf|Metzingen(Württ)|Bempflingen|Nürtingen|Oberboihingen|Wendlingen(Neckar)|Plochingen|Esslingen(Neckar),8005769,Stuttgart-Bad Cannstatt,Baden-Württemberg,Stuttgart,70372,9.217468636,48.80127978,3,2506080735,,2506080735,,,,,,,,,,,4.0,3.0
-8108385215609287130-2506080646-16,7110,2506080729,2506080729,4,,S,1,Herrenberg|Nufringen|Gärtringen|Ehningen(b Böblingen)|Hulb|Böblingen|Goldberg(Württ)|Stuttgart-Rohr|Stuttgart-Vaihingen|Stuttgart-Österfeld|Stuttgart Universität|Stuttgart Schwabstr.|Stuttgart Feuersee|Stuttgart Stadtmitte|Stuttgart Hbf (tief),8005769,Stuttgart-Bad Cannstatt,Baden-Württemberg,Stuttgart,70372,9.217468636,48.80127978,3,2506080731,,2506080731,,,,,,,,,,,2.0,2.0
4826883919594967427-2506080648-13,7308,2506080719,2506080719,3,,S,3,Stuttgart Flughafen/Messe|Echterdingen|Leinfelden|Oberaichen|Stuttgart-Rohr|Stuttgart-Vaihingen|Stuttgart-Österfeld|Stuttgart Universität|Stuttgart Schwabstr.|Stuttgart Feuersee|Stuttgart Stadtmitte|Stuttgart Hbf (tief),8005769,Stuttgart-Bad Cannstatt,Baden-Württemberg,Stuttgart,70372,9.217468636,48.80127978,3,2506080719,,2506080719,,,,,,,,,,,0.0,0.0
-9082308221834480313-2506080752-2,17513,2506080757,2506080758,3,,MEX,90,Stuttgart Hbf,8005769,Stuttgart-Bad Cannstatt,Baden-Württemberg,Stuttgart,70372,9.217468636,48.80127978,3,2506080757,,2506080759,,h,1,Störung,,,,,,,0.0,1.0
3888224273021493436-2506080718-14,7213,2506080750,2506080751,2,,S,2,Schorndorf|Weiler(Rems)|Winterbach(b Schorndorf)|Geradstetten|Grunbach|Beutelsbach|Endersbach|Stetten-Beinstein|Rommelshausen|Waiblingen|Fellbach|Stuttgart-Sommerrain|Stuttgart Nürnberger Str.,8005769,Stuttgart-Bad Cannstatt,Baden-Württemberg,Stuttgart,70372,9.217468636,48.80127978,3,2506080750,,2506080751,,,,,,,,,,,0.0,0.0
8473955909455212375-2506080752-2,19351,2506080755,2506080756,8,,MEX,12,Stuttgart Hbf,8005769,Stuttgart-Bad Cannstatt,Baden-Württemberg,Stuttgart,70372,9.217468636,48.80127978,3,2506080757,,2506080758,,,,,,,,,,,2.0,2.0
3330235600947433352-2506080703-14,7208,2506080739,2506080739,3,,S,2,Filderstadt|Stuttgart Flughafen/Messe|Echterdingen|Leinfelden|Oberaichen|Stuttgart-Rohr|Stuttgart-Vaihingen|Stuttgart-Österfeld|Stuttgart Universität|Stuttgart Schwabstr.|Stuttgart Feuersee|Stuttgart Stadtmitte|Stuttgart Hbf (tief),8005769,Stuttgart-Bad Cannstatt,Baden-Württemberg,Stuttgart,70372,9.217468636,48.80127978,3,2506080739,,2506080739,,,,,,,,,,,0.0,0.0
-1954317019764357398-2506080635-13,26782,2506080759,2506080800,1,,RE,90,Crailsheim|Eckartshausen-Ilshofen|Schwäbisch Hall-Hessental|Gaildorf West|Fichtenberg|Fornsbach|Murrhardt|Sulzbach(Murr)|Oppenweiler(Württ)|Backnang|Winnenden|Waiblingen,8005769,Stuttgart-Bad Cannstatt,Baden-Württemberg,Stuttgart,70372,9.217468636,48.80127978,3,2506080801,,2506080801,,,,,,,,,,,2.0,1.0
5233930570318938602-2506080730-8,7310,2506080749,2506080749,3,,S,3,Stuttgart-Vaihingen|Stuttgart-Österfeld|Stuttgart Universität|Stuttgart Schwabstr.|Stuttgart Feuersee|Stuttgart Stadtmitte|Stuttgart Hbf (tief),8005769,Stuttgart-Bad Cannstatt,Baden-Württemberg,Stuttgart,70372,9.217468636,48.80127978,3,2506080749,,2506080749,,,,,,,,,,,0.0,0.0
-2915141727268180381-2506080711-11,7311,2506080740,2506080741,2,,S,3,Backnang|Maubach|Nellmersbach|Winnenden|Schwaikheim|Neustadt-Hohenacker|Waiblingen|Fellbach|Stuttgart-Sommerrain|Stuttgart Nürnberger Str.,8005769,Stuttgart-Bad Cannstatt,Baden-Württemberg,Stuttgart,70372,9.217468636,48.80127978,3,2506080741,,2506080741,,,,,,,,,,,1.0,0.0
-6655970972115007016-2506080650-14,7111,2506080730,2506080731,2,,S,1,Kirchheim(Teck)|Kirchheim(Teck)-Ötlingen|Wendlingen(Neckar)|Wernau(Neckar)|Plochingen|Altbach|Esslingen-Zell|Oberesslingen|Esslingen(Neckar)|Esslingen-Mettingen|Stuttgart-Obertürkheim|Stuttgart-Untertürkheim|Stuttgart Neckarpark,8005769,Stuttgart-Bad Cannstatt,Baden-Württemberg,Stuttgart,70372,9.217468636,48.80127978,3,2506080733,,2506080734,,,,,,,,,,,3.0,3.0
6656782556908432405-2506080620-12,19211,2506080727,2506080727,8,,MEX,18,Neckarsulm|Heilbronn Sülmertor|Heilbronn Hbf|Nordheim(Württ)|Lauffen(Neckar)|Kirchheim(Neckar)|Walheim(Württ)|Besigheim|Bietigheim-Bissingen|Ludwigsburg|Stuttgart Hbf,8005769,Stuttgart-Bad Cannstatt,Baden-Württemberg,Stuttgart,70372,9.217468636,48.80127978,3,2506080727,,2506080727,,,,,,,,,,,0.0,0.0
9133098357832980471-2506080620-14,7109,2506080700,2506080701,2,,S,1,Kirchheim(Teck)|Kirchheim(Teck)-Ötlingen|Wendlingen(Neckar)|Wernau(Neckar)|Plochingen|Altbach|Esslingen-Zell|Oberesslingen|Esslingen(Neckar)|Esslingen-Mettingen|Stuttgart-Obertürkheim|Stuttgart-Untertürkheim|Stuttgart Neckarpark,8005769,Stuttgart-Bad Cannstatt,Baden-Württemberg,Stuttgart,70372,9.217468636,48.80127978,3,2506080702,,2506080703,,,,,,,,,,,2.0,2.0
-2643490442022964578-2506080716-16,7112,2506080759,2506080759,3,,S,1,Herrenberg|Nufringen|Gärtringen|Ehningen(b Böblingen)|Hulb|Böblingen|Goldberg(Württ)|Stuttgart-Rohr|Stuttgart-Vaihingen|Stuttgart-Österfeld|Stuttgart Universität|Stuttgart Schwabstr.|Stuttgart Feuersee|Stuttgart Stadtmitte|Stuttgart Hbf (tief),8005769,Stuttgart-Bad Cannstatt,Baden-Württemberg,Stuttgart,70372,9.217468636,48.80127978,3,2506080802,,2506080803,,,,,,,,,,,3.0,4.0
-2856928912084347734-2506080722-6,7510,2506080733,2506080734,2,,S,5,Stuttgart Schwabstr.|Stuttgart Feuersee|Stuttgart Stadtmitte|Stuttgart Hbf (tief)|Stuttgart Nord,8005770,Stuttgart-Feuerbach,Baden-Württemberg,Feuerbach,70469,9.169186287,48.81363554,3,2506080734,,2506080734,,,,,,,,,,,1.0,0.0
-5856161558368495320-2506080737-7,7513,2506080756,2506080756,1,,S,5,Bietigheim-Bissingen|Tamm(Württ)|Asperg|Ludwigsburg|Kornwestheim Pbf|Stuttgart-Zuffenhausen,8005770,Stuttgart-Feuerbach,Baden-Württemberg,Feuerbach,70469,9.169186287,48.81363554,3,2506080756,,2506080756,,,,,,,,,,,0.0,0.0
3957411612578008716-2506080712-6,7608,2506080723,2506080724,2,,S,6,Stuttgart Schwabstr.|Stuttgart Feuersee|Stuttgart Stadtmitte|Stuttgart Hbf (tief)|Stuttgart Nord,8005770,Stuttgart-Feuerbach,Baden-Württemberg,Feuerbach,70469,9.169186287,48.81363554,3,2506080724,,2506080725,,,,,,,,,,,1.0,1.0
7155033421118958991-2506080707-7,7511,2506080726,2506080726,1,,S,5,Bietigheim-Bissingen|Tamm(Württ)|Asperg|Ludwigsburg|Kornwestheim Pbf|Stuttgart-Zuffenhausen,8005770,Stuttgart-Feuerbach,Baden-Württemberg,Feuerbach,70469,9.169186287,48.81363554,3,2506080727,,2506080727,,,,,,,,,,,1.0,1.0
-2096809252009887696-2506080702-6,7406,2506080713,2506080714,2,,S,4,Stuttgart Schwabstr.|Stuttgart Feuersee|Stuttgart Stadtmitte|Stuttgart Hbf (tief)|Stuttgart Nord,8005770,Stuttgart-Feuerbach,Baden-Württemberg,Feuerbach,70469,9.169186287,48.81363554,3,2506080714,,2506080714,,,,,,,,,,,1.0,0.0
4433222154122274025-2506080703-12,7611,2506080736,2506080736,1,,S,6,Weil der Stadt|Malmsheim|Renningen|Rutesheim|Leonberg|Höfingen|Ditzingen|Weilimdorf|Korntal|Neuwirtshaus(Porscheplatz)|Stuttgart-Zuffenhausen,8005770,Stuttgart-Feuerbach,Baden-Württemberg,Feuerbach,70469,9.169186287,48.81363554,3,2506080736,,2506080736,,,,,,,,,,,0.0,0.0
859497721048976458-2506080725-8,7411,2506080746,2506080746,1,,S,4,Marbach(Neckar)|Benningen(Neckar)|Freiberg(Neckar)|Favoritepark|Ludwigsburg|Kornwestheim Pbf|Stuttgart-Zuffenhausen,8005770,Stuttgart-Feuerbach,Baden-Württemberg,Feuerbach,70469,9.169186287,48.81363554,3,2506080746,,2506080746,,,,,,,,,,,0.0,0.0
-6595517868678510983-2506080648-17,7211,2506080728,2506080729,1,,S,2,Schorndorf|Weiler(Rems)|Winterbach(b Schorndorf)|Geradstetten|Grunbach|Beutelsbach|Endersbach|Stetten-Beinstein|Rommelshausen|Waiblingen|Fellbach|Stuttgart-Sommerrain|Stuttgart Nürnberger Str.|Stuttgart-Bad Cannstatt|Stuttgart Hbf (tief)|Stuttgart Stadtmitte,8006699,Stuttgart Feuersee,Baden-Württemberg,Stuttgart,70176,9.165850846,48.7726173,3,2506080728,,2506080729,,,,,,,,,,,0.0,0.0
-8108385215609287130-2506080646-13,7110,2506080721,2506080722,2,,S,1,Herrenberg|Nufringen|Gärtringen|Ehningen(b Böblingen)|Hulb|Böblingen|Goldberg(Württ)|Stuttgart-Rohr|Stuttgart-Vaihingen|Stuttgart-Österfeld|Stuttgart Universität|Stuttgart Schwabstr.,8006699,Stuttgart Feuersee,Baden-Württemberg,Stuttgart,70176,9.165850846,48.7726173,3,2506080721,,2506080722,,,,,,,,,,,0.0,0.0
-4089337278431447837-2506080752-2,7512,2506080754,2506080754,2,,S,5,Stuttgart Schwabstr.,8006699,Stuttgart Feuersee,Baden-Württemberg,Stuttgart,70176,9.165850846,48.7726173,3,2506080757,,2506080758,,,,,,,,,,,3.0,4.0
4826883919594967427-2506080648-10,7308,2506080711,2506080712,2,,S,3,Stuttgart Flughafen/Messe|Echterdingen|Leinfelden|Oberaichen|Stuttgart-Rohr|Stuttgart-Vaihingen|Stuttgart-Österfeld|Stuttgart Universität|Stuttgart Schwabstr.,8006699,Stuttgart Feuersee,Baden-Württemberg,Stuttgart,70176,9.165850846,48.7726173,3,2506080712,,2506080712,,,,,,,,,,,1.0,0.0
-2856928912084347734-2506080722-2,7510,2506080724,2506080724,2,,S,5,Stuttgart Schwabstr.,8006699,Stuttgart Feuersee,Baden-Württemberg,Stuttgart,70176,9.165850846,48.7726173,3,2506080723,,2506080724,,,,,,,,,,,-1.0,0.0
3888224273021493436-2506080718-17,7213,2506080758,2506080759,1,,S,2,Schorndorf|Weiler(Rems)|Winterbach(b Schorndorf)|Geradstetten|Grunbach|Beutelsbach|Endersbach|Stetten-Beinstein|Rommelshausen|Waiblingen|Fellbach|Stuttgart-Sommerrain|Stuttgart Nürnberger Str.|Stuttgart-Bad Cannstatt|Stuttgart Hbf (tief)|Stuttgart Stadtmitte,8006699,Stuttgart Feuersee,Baden-Württemberg,Stuttgart,70176,9.165850846,48.7726173,3,2506080758,,2506080759,,,,,,,,,,,0.0,0.0
3330235600947433352-2506080703-11,7208,2506080731,2506080732,2,,S,2,Filderstadt|Stuttgart Flughafen/Messe|Echterdingen|Leinfelden|Oberaichen|Stuttgart-Rohr|Stuttgart-Vaihingen|Stuttgart-Österfeld|Stuttgart Universität|Stuttgart Schwabstr.,8006699,Stuttgart Feuersee,Baden-Württemberg,Stuttgart,70176,9.165850846,48.7726173,3,2506080731,,2506080732,,,,,,,,,,,0.0,0.0
3957411612578008716-2506080712-2,7608,2506080714,2506080714,2,,S,6,Stuttgart Schwabstr.,8006699,Stuttgart Feuersee,Baden-Württemberg,Stuttgart,70176,9.165850846,48.7726173,3,2506080715,,2506080715,,,,,,,,,,,1.0,1.0
7155033421118958991-2506080707-11,7511,2506080736,2506080736,1,,S,5,Bietigheim-Bissingen|Tamm(Württ)|Asperg|Ludwigsburg|Kornwestheim Pbf|Stuttgart-Zuffenhausen|Stuttgart-Feuerbach|Stuttgart Nord|Stuttgart Hbf (tief)|Stuttgart Stadtmitte,8006699,Stuttgart Feuersee,Baden-Württemberg,Stuttgart,70176,9.165850846,48.7726173,3,2506080736,,2506080736,,,,,,,,,,,0.0,0.0
5233930570318938602-2506080730-5,7310,2506080741,2506080742,2,,S,3,Stuttgart-Vaihingen|Stuttgart-Österfeld|Stuttgart Universität|Stuttgart Schwabstr.,8006699,Stuttgart Feuersee,Baden-Württemberg,Stuttgart,70176,9.165850846,48.7726173,3,2506080741,,2506080742,,,,,,,,,,,0.0,0.0
-2096809252009887696-2506080702-2,7406,2506080704,2506080704,2,,S,4,Stuttgart Schwabstr.,8006699,Stuttgart Feuersee,Baden-Württemberg,Stuttgart,70176,9.165850846,48.7726173,3,2506080704,,2506080705,,,,,,,,,,,0.0,1.0
-2915141727268180381-2506080711-14,7311,2506080748,2506080749,1,,S,3,Backnang|Maubach|Nellmersbach|Winnenden|Schwaikheim|Neustadt-Hohenacker|Waiblingen|Fellbach|Stuttgart-Sommerrain|Stuttgart Nürnberger Str.|Stuttgart-Bad Cannstatt|Stuttgart Hbf (tief)|Stuttgart Stadtmitte,8006699,Stuttgart Feuersee,Baden-Württemberg,Stuttgart,70176,9.165850846,48.7726173,3,2506080748,,2506080749,,,,,,,,,,,0.0,0.0
-6655970972115007016-2506080650-17,7111,2506080738,2506080739,1,,S,1,Kirchheim(Teck)|Kirchheim(Teck)-Ötlingen|Wendlingen(Neckar)|Wernau(Neckar)|Plochingen|Altbach|Esslingen-Zell|Oberesslingen|Esslingen(Neckar)|Esslingen-Mettingen|Stuttgart-Obertürkheim|Stuttgart-Untertürkheim|Stuttgart Neckarpark|Stuttgart-Bad Cannstatt|Stuttgart Hbf (tief)|Stuttgart Stadtmitte,8006699,Stuttgart Feuersee,Baden-Württemberg,Stuttgart,70176,9.165850846,48.7726173,3,2506080741,,2506080741,,,,,,,,,,,3.0,2.0
9133098357832980471-2506080620-17,7109,2506080708,2506080709,1,,S,1,Kirchheim(Teck)|Kirchheim(Teck)-Ötlingen|Wendlingen(Neckar)|Wernau(Neckar)|Plochingen|Altbach|Esslingen-Zell|Oberesslingen|Esslingen(Neckar)|Esslingen-Mettingen|Stuttgart-Obertürkheim|Stuttgart-Untertürkheim|Stuttgart Neckarpark|Stuttgart-Bad Cannstatt|Stuttgart Hbf (tief)|Stuttgart Stadtmitte,8006699,Stuttgart Feuersee,Baden-Württemberg,Stuttgart,70176,9.165850846,48.7726173,3,2506080710,,2506080711,,,,,,,,,,,2.0,2.0
4433222154122274025-2506080703-16,7611,2506080746,2506080746,1,,S,6,Weil der Stadt|Malmsheim|Renningen|Rutesheim|Leonberg|Höfingen|Ditzingen|Weilimdorf|Korntal|Neuwirtshaus(Porscheplatz)|Stuttgart-Zuffenhausen|Stuttgart-Feuerbach|Stuttgart Nord|Stuttgart Hbf (tief)|Stuttgart Stadtmitte,8006699,Stuttgart Feuersee,Baden-Württemberg,Stuttgart,70176,9.165850846,48.7726173,3,2506080746,,2506080746,,,,,,,,,,,0.0,0.0
859497721048976458-2506080725-12,7411,2506080756,2506080756,1,,S,4,Marbach(Neckar)|Benningen(Neckar)|Freiberg(Neckar)|Favoritepark|Ludwigsburg|Kornwestheim Pbf|Stuttgart-Zuffenhausen|Stuttgart-Feuerbach|Stuttgart Nord|Stuttgart Hbf (tief)|Stuttgart Stadtmitte,8006699,Stuttgart Feuersee,Baden-Württemberg,Stuttgart,70176,9.165850846,48.7726173,3,2506080756,,2506080756,,,,,,,,,,,0.0,0.0
-2643490442022964578-2506080716-13,7112,2506080751,2506080752,2,,S,1,Herrenberg|Nufringen|Gärtringen|Ehningen(b Böblingen)|Hulb|Böblingen|Goldberg(Württ)|Stuttgart-Rohr|Stuttgart-Vaihingen|Stuttgart-Österfeld|Stuttgart Universität|Stuttgart Schwabstr.,8006699,Stuttgart Feuersee,Baden-Württemberg,Stuttgart,70176,9.165850846,48.7726173,3,2506080755,,2506080755,,,,,,,,,,,4.0,3.0
-8108385215609287130-2506080646-19,7110,2506080737,2506080737,5,,S,1,Herrenberg|Nufringen|Gärtringen|Ehningen(b Böblingen)|Hulb|Böblingen|Goldberg(Württ)|Stuttgart-Rohr|Stuttgart-Vaihingen|Stuttgart-Österfeld|Stuttgart Universität|Stuttgart Schwabstr.|Stuttgart Feuersee|Stuttgart Stadtmitte|Stuttgart Hbf (tief)|Stuttgart-Bad Cannstatt|Stuttgart Neckarpark|Stuttgart-Untertürkheim,8005772,Stuttgart-Obertürkheim,Baden-Württemberg,Stuttgart,70329,9.268167932,48.76175015,4,2506080739,,2506080740,,,,,,,,,,,2.0,3.0
-7709757529463307534-2506080720-11,7113,2506080752,2506080752,5,,S,1,Kirchheim(Teck)|Kirchheim(Teck)-Ötlingen|Wendlingen(Neckar)|Wernau(Neckar)|Plochingen|Altbach|Esslingen-Zell|Oberesslingen|Esslingen(Neckar)|Esslingen-Mettingen,8005772,Stuttgart-Obertürkheim,Baden-Württemberg,Stuttgart,70329,9.268167932,48.76175015,4,2506080753,,2506080753,,,,,,,,,,,1.0,1.0
-6655970972115007016-2506080650-11,7111,2506080722,2506080722,5,,S,1,Kirchheim(Teck)|Kirchheim(Teck)-Ötlingen|Wendlingen(Neckar)|Wernau(Neckar)|Plochingen|Altbach|Esslingen-Zell|Oberesslingen|Esslingen(Neckar)|Esslingen-Mettingen,8005772,Stuttgart-Obertürkheim,Baden-Württemberg,Stuttgart,70329,9.268167932,48.76175015,4,2506080725,,2506080726,,,,,,,,,,,3.0,4.0
2798033046917737648-2506080616-19,7108,2506080707,2506080707,5,,S,1,Herrenberg|Nufringen|Gärtringen|Ehningen(b Böblingen)|Hulb|Böblingen|Goldberg(Württ)|Stuttgart-Rohr|Stuttgart-Vaihingen|Stuttgart-Österfeld|Stuttgart Universität|Stuttgart Schwabstr.|Stuttgart Feuersee|Stuttgart Stadtmitte|Stuttgart Hbf (tief)|Stuttgart-Bad Cannstatt|Stuttgart Neckarpark|Stuttgart-Untertürkheim,8005772,Stuttgart-Obertürkheim,Baden-Württemberg,Stuttgart,70329,9.268167932,48.76175015,4,2506080710,,2506080711,,,,,,,,,,,3.0,4.0
-6595517868678510983-2506080648-22,7211,2506080741,2506080742,2,,S,2,Schorndorf|Weiler(Rems)|Winterbach(b Schorndorf)|Geradstetten|Grunbach|Beutelsbach|Endersbach|Stetten-Beinstein|Rommelshausen|Waiblingen|Fellbach|Stuttgart-Sommerrain|Stuttgart Nürnberger Str.|Stuttgart-Bad Cannstatt|Stuttgart Hbf (tief)|Stuttgart Stadtmitte|Stuttgart Feuersee|Stuttgart Schwabstr.|Stuttgart Universität|Stuttgart-Österfeld|Stuttgart-Vaihingen,8005773,Stuttgart-Rohr,Baden-Württemberg,Stuttgart,70565,9.108158025,48.71799427,4,2506080741,,2506080742,,,,,,,,,,,0.0,0.0
-8108385215609287130-2506080646-8,7110,2506080707,2506080708,3,,S,1,Herrenberg|Nufringen|Gärtringen|Ehningen(b Böblingen)|Hulb|Böblingen|Goldberg(Württ),8005773,Stuttgart-Rohr,Baden-Württemberg,Stuttgart,70565,9.108158025,48.71799427,4,2506080708,,2506080708,,,,,,,,,,,1.0,0.0
-3260744943402269546-2506080748-5,7312,2506080757,2506080758,3,,S,3,Stuttgart Flughafen/Messe|Echterdingen|Leinfelden|Oberaichen,8005773,Stuttgart-Rohr,Baden-Württemberg,Stuttgart,70565,9.108158025,48.71799427,4,2506080758,,2506080758,,,,,,,,,,,1.0,0.0
3330235600947433352-2506080703-6,7208,2506080717,2506080718,3,,S,2,Filderstadt|Stuttgart Flughafen/Messe|Echterdingen|Leinfelden|Oberaichen,8005773,Stuttgart-Rohr,Baden-Württemberg,Stuttgart,70565,9.108158025,48.71799427,4,2506080717,,2506080718,,,,,,,,,,,0.0,0.0
-6655970972115007016-2506080650-22,7111,2506080751,2506080752,2,,S,1,Kirchheim(Teck)|Kirchheim(Teck)-Ötlingen|Wendlingen(Neckar)|Wernau(Neckar)|Plochingen|Altbach|Esslingen-Zell|Oberesslingen|Esslingen(Neckar)|Esslingen-Mettingen|Stuttgart-Obertürkheim|Stuttgart-Untertürkheim|Stuttgart Neckarpark|Stuttgart-Bad Cannstatt|Stuttgart Hbf (tief)|Stuttgart Stadtmitte|Stuttgart Feuersee|Stuttgart Schwabstr.|Stuttgart Universität|Stuttgart-Österfeld|Stuttgart-Vaihingen,8005773,Stuttgart-Rohr,Baden-Württemberg,Stuttgart,70565,9.108158025,48.71799427,4,2506080753,,2506080754,,,,,,,,,,,2.0,2.0
9133098357832980471-2506080620-22,7109,2506080721,2506080722,2,,S,1,Kirchheim(Teck)|Kirchheim(Teck)-Ötlingen|Wendlingen(Neckar)|Wernau(Neckar)|Plochingen|Altbach|Esslingen-Zell|Oberesslingen|Esslingen(Neckar)|Esslingen-Mettingen|Stuttgart-Obertürkheim|Stuttgart-Untertürkheim|Stuttgart Neckarpark|Stuttgart-Bad Cannstatt|Stuttgart Hbf (tief)|Stuttgart Stadtmitte|Stuttgart Feuersee|Stuttgart Schwabstr.|Stuttgart Universität|Stuttgart-Österfeld|Stuttgart-Vaihingen,8005773,Stuttgart-Rohr,Baden-Württemberg,Stuttgart,70565,9.108158025,48.71799427,4,2506080722,,2506080723,,,,,,,,,,,1.0,1.0
-2643490442022964578-2506080716-8,7112,2506080737,2506080738,3,,S,1,Herrenberg|Nufringen|Gärtringen|Ehningen(b Böblingen)|Hulb|Böblingen|Goldberg(Württ),8005773,Stuttgart-Rohr,Baden-Württemberg,Stuttgart,70565,9.108158025,48.71799427,4,2506080740,,2506080741,,,,,,,,,,,3.0,3.0
8928020016835199525-2506080611-19,7307,2506080701,2506080702,2,,S,3,Backnang|Maubach|Nellmersbach|Winnenden|Schwaikheim|Neustadt-Hohenacker|Waiblingen|Fellbach|Stuttgart-Sommerrain|Stuttgart Nürnberger Str.|Stuttgart-Bad Cannstatt|Stuttgart Hbf (tief)|Stuttgart Stadtmitte|Stuttgart Feuersee|Stuttgart Schwabstr.|Stuttgart Universität|Stuttgart-Österfeld|Stuttgart-Vaihingen,8005773,Stuttgart-Rohr,Baden-Württemberg,Stuttgart,70565,9.108158025,48.71799427,4,2506080709,,2506080710,,,,,,,,,,,8.0,8.0
-6595517868678510983-2506080648-18,7211,2506080730,2506080730,1,,S,2,Schorndorf|Weiler(Rems)|Winterbach(b Schorndorf)|Geradstetten|Grunbach|Beutelsbach|Endersbach|Stetten-Beinstein|Rommelshausen|Waiblingen|Fellbach|Stuttgart-Sommerrain|Stuttgart Nürnberger Str.|Stuttgart-Bad Cannstatt|Stuttgart Hbf (tief)|Stuttgart Stadtmitte|Stuttgart Feuersee,8006698,Stuttgart Schwabstraße,Baden-Württemberg,Stuttgart,70197,9.156496717,48.77013954,3,2506080730,,2506080730,,,,,,,,,,,0.0,0.0
-8108385215609287130-2506080646-12,7110,2506080720,2506080720,2,,S,1,Herrenberg|Nufringen|Gärtringen|Ehningen(b Böblingen)|Hulb|Böblingen|Goldberg(Württ)|Stuttgart-Rohr|Stuttgart-Vaihingen|Stuttgart-Österfeld|Stuttgart Universität,8006698,Stuttgart Schwabstraße,Baden-Württemberg,Stuttgart,70197,9.156496717,48.77013954,3,2506080719,,2506080720,,,,,,,,,,,-1.0,0.0
-4089337278431447837-2506080752-1,7512,,2506080752,,,S,5,,8006698,Stuttgart Schwabstraße,Baden-Württemberg,Stuttgart,70197,9.156496717,48.77013954,3,,,2506080756,,,,,,,,,,,0.0,4.0
4826883919594967427-2506080648-9,7308,2506080710,2506080710,2,,S,3,Stuttgart Flughafen/Messe|Echterdingen|Leinfelden|Oberaichen|Stuttgart-Rohr|Stuttgart-Vaihingen|Stuttgart-Österfeld|Stuttgart Universität,8006698,Stuttgart Schwabstraße,Baden-Württemberg,Stuttgart,70197,9.156496717,48.77013954,3,2506080710,,2506080711,,,,,,,,,,,0.0,1.0
-2856928912084347734-2506080722-1,7510,,2506080722,,,S,5,,8006698,Stuttgart Schwabstraße,Baden-Württemberg,Stuttgart,70197,9.156496717,48.77013954,3,,,2506080722,,,,,,,,,,,0.0,0.0
3330235600947433352-2506080703-10,7208,2506080730,2506080730,2,,S,2,Filderstadt|Stuttgart Flughafen/Messe|Echterdingen|Leinfelden|Oberaichen|Stuttgart-Rohr|Stuttgart-Vaihingen|Stuttgart-Österfeld|Stuttgart Universität,8006698,Stuttgart Schwabstraße,Baden-Württemberg,Stuttgart,70197,9.156496717,48.77013954,3,2506080729,,2506080730,,,,,,,,,,,-1.0,0.0
3957411612578008716-2506080712-1,7608,,2506080712,,,S,6,,8006698,Stuttgart Schwabstraße,Baden-Württemberg,Stuttgart,70197,9.156496717,48.77013954,3,,,2506080713,,,,,,,,,,,0.0,1.0
7155033421118958991-2506080707-12,7511,2506080738,,1,,S,,Bietigheim-Bissingen|Tamm(Württ)|Asperg|Ludwigsburg|Kornwestheim Pbf|Stuttgart-Zuffenhausen|Stuttgart-Feuerbach|Stuttgart Nord|Stuttgart Hbf (tief)|Stuttgart Stadtmitte|Stuttgart Feuersee,8006698,Stuttgart Schwabstraße,Baden-Württemberg,Stuttgart,70197,9.156496717,48.77013954,3,2506080738,,,,,,,,,,,,,0.0,0.0
5233930570318938602-2506080730-4,7310,2506080740,2506080740,2,,S,3,Stuttgart-Vaihingen|Stuttgart-Österfeld|Stuttgart Universität,8006698,Stuttgart Schwabstraße,Baden-Württemberg,Stuttgart,70197,9.156496717,48.77013954,3,2506080739,,2506080740,,,,,,,,,,,-1.0,0.0
-2096809252009887696-2506080702-1,7406,,2506080702,,,S,4,,8006698,Stuttgart Schwabstraße,Baden-Württemberg,Stuttgart,70197,9.156496717,48.77013954,3,,,2506080703,,,,,,,,,,,0.0,1.0
-2915141727268180381-2506080711-15,7311,2506080750,2506080750,1,,S,3,Backnang|Maubach|Nellmersbach|Winnenden|Schwaikheim|Neustadt-Hohenacker|Waiblingen|Fellbach|Stuttgart-Sommerrain|Stuttgart Nürnberger Str.|Stuttgart-Bad Cannstatt|Stuttgart Hbf (tief)|Stuttgart Stadtmitte|Stuttgart Feuersee,8006698,Stuttgart Schwabstraße,Baden-Württemberg,Stuttgart,70197,9.156496717,48.77013954,3,2506080750,,2506080750,,,,,,,,,,,0.0,0.0
-6655970972115007016-2506080650-18,7111,2506080740,2506080740,1,,S,1,Kirchheim(Teck)|Kirchheim(Teck)-Ötlingen|Wendlingen(Neckar)|Wernau(Neckar)|Plochingen|Altbach|Esslingen-Zell|Oberesslingen|Esslingen(Neckar)|Esslingen-Mettingen|Stuttgart-Obertürkheim|Stuttgart-Untertürkheim|Stuttgart Neckarpark|Stuttgart-Bad Cannstatt|Stuttgart Hbf (tief)|Stuttgart Stadtmitte|Stuttgart Feuersee,8006698,Stuttgart Schwabstraße,Baden-Württemberg,Stuttgart,70197,9.156496717,48.77013954,3,2506080742,,2506080743,,,,,,,,,,,2.0,3.0
9133098357832980471-2506080620-18,7109,2506080710,2506080710,1,,S,1,Kirchheim(Teck)|Kirchheim(Teck)-Ötlingen|Wendlingen(Neckar)|Wernau(Neckar)|Plochingen|Altbach|Esslingen-Zell|Oberesslingen|Esslingen(Neckar)|Esslingen-Mettingen|Stuttgart-Obertürkheim|Stuttgart-Untertürkheim|Stuttgart Neckarpark|Stuttgart-Bad Cannstatt|Stuttgart Hbf (tief)|Stuttgart Stadtmitte|Stuttgart Feuersee,8006698,Stuttgart Schwabstraße,Baden-Württemberg,Stuttgart,70197,9.156496717,48.77013954,3,2506080712,,2506080712,,,,,,,,,,,2.0,2.0
4433222154122274025-2506080703-17,7611,2506080748,,1,,S,,Weil der Stadt|Malmsheim|Renningen|Rutesheim|Leonberg|Höfingen|Ditzingen|Weilimdorf|Korntal|Neuwirtshaus(Porscheplatz)|Stuttgart-Zuffenhausen|Stuttgart-Feuerbach|Stuttgart Nord|Stuttgart Hbf (tief)|Stuttgart Stadtmitte|Stuttgart Feuersee,8006698,Stuttgart Schwabstraße,Baden-Württemberg,Stuttgart,70197,9.156496717,48.77013954,3,2506080747,,,,,,,,,,,,,-1.0,0.0
859497721048976458-2506080725-13,7411,2506080758,,1,,S,,Marbach(Neckar)|Benningen(Neckar)|Freiberg(Neckar)|Favoritepark|Ludwigsburg|Kornwestheim Pbf|Stuttgart-Zuffenhausen|Stuttgart-Feuerbach|Stuttgart Nord|Stuttgart Hbf (tief)|Stuttgart Stadtmitte|Stuttgart Feuersee,8006698,Stuttgart Schwabstraße,Baden-Württemberg,Stuttgart,70197,9.156496717,48.77013954,3,2506080758,,,,,,,,,,,,,0.0,0.0
-2643490442022964578-2506080716-12,7112,2506080750,2506080750,2,,S,1,Herrenberg|Nufringen|Gärtringen|Ehningen(b Böblingen)|Hulb|Böblingen|Goldberg(Württ)|Stuttgart-Rohr|Stuttgart-Vaihingen|Stuttgart-Österfeld|Stuttgart Universität,8006698,Stuttgart Schwabstraße,Baden-Württemberg,Stuttgart,70197,9.156496717,48.77013954,3,2506080752,,2506080754,,,,,,,,,,,2.0,4.0
-6595517868678510983-2506080648-12,7211,2506080715,2506080715,1,,S,2,Schorndorf|Weiler(Rems)|Winterbach(b Schorndorf)|Geradstetten|Grunbach|Beutelsbach|Endersbach|Stetten-Beinstein|Rommelshausen|Waiblingen|Fellbach,8005774,Stuttgart-Sommerrain,Baden-Württemberg,Stuttgart,70374,9.248369749,48.81521824,5,2506080715,,2506080715,,,,,,,,,,,0.0,0.0
4826883919594967427-2506080648-15,7308,2506080724,2506080724,4,,S,3,Stuttgart Flughafen/Messe|Echterdingen|Leinfelden|Oberaichen|Stuttgart-Rohr|Stuttgart-Vaihingen|Stuttgart-Österfeld|Stuttgart Universität|Stuttgart Schwabstr.|Stuttgart Feuersee|Stuttgart Stadtmitte|Stuttgart Hbf (tief)|Stuttgart-Bad Cannstatt|Stuttgart Nürnberger Str.,8005774,Stuttgart-Sommerrain,Baden-Württemberg,Stuttgart,70374,9.248369749,48.81521824,5,2506080724,,2506080725,,,,,,,,,,,0.0,1.0
3888224273021493436-2506080718-12,7213,2506080745,2506080745,1,,S,2,Schorndorf|Weiler(Rems)|Winterbach(b Schorndorf)|Geradstetten|Grunbach|Beutelsbach|Endersbach|Stetten-Beinstein|Rommelshausen|Waiblingen|Fellbach,8005774,Stuttgart-Sommerrain,Baden-Württemberg,Stuttgart,70374,9.248369749,48.81521824,5,2506080745,,2506080745,,,,,,,,,,,0.0,0.0
3330235600947433352-2506080703-16,7208,2506080744,2506080744,4,,S,2,Filderstadt|Stuttgart Flughafen/Messe|Echterdingen|Leinfelden|Oberaichen|Stuttgart-Rohr|Stuttgart-Vaihingen|Stuttgart-Österfeld|Stuttgart Universität|Stuttgart Schwabstr.|Stuttgart Feuersee|Stuttgart Stadtmitte|Stuttgart Hbf (tief)|Stuttgart-Bad Cannstatt|Stuttgart Nürnberger Str.,8005774,Stuttgart-Sommerrain,Baden-Württemberg,Stuttgart,70374,9.248369749,48.81521824,5,2506080744,,2506080744,,,,,,,,,,,0.0,0.0
5233930570318938602-2506080730-10,7310,2506080754,2506080754,4,,S,3,Stuttgart-Vaihingen|Stuttgart-Österfeld|Stuttgart Universität|Stuttgart Schwabstr.|Stuttgart Feuersee|Stuttgart Stadtmitte|Stuttgart Hbf (tief)|Stuttgart-Bad Cannstatt|Stuttgart Nürnberger Str.,8005774,Stuttgart-Sommerrain,Baden-Württemberg,Stuttgart,70374,9.248369749,48.81521824,5,2506080754,,2506080754,,,,,,,,,,,0.0,0.0
-2915141727268180381-2506080711-9,7311,2506080735,2506080735,1,,S,3,Backnang|Maubach|Nellmersbach|Winnenden|Schwaikheim|Neustadt-Hohenacker|Waiblingen|Fellbach,8005774,Stuttgart-Sommerrain,Baden-Württemberg,Stuttgart,70374,9.248369749,48.81521824,5,2506080735,,2506080735,,,,,,,,,,,0.0,0.0
-6595517868678510983-2506080648-16,7211,2506080727,2506080727,1,,S,2,Schorndorf|Weiler(Rems)|Winterbach(b Schorndorf)|Geradstetten|Grunbach|Beutelsbach|Endersbach|Stetten-Beinstein|Rommelshausen|Waiblingen|Fellbach|Stuttgart-Sommerrain|Stuttgart Nürnberger Str.|Stuttgart-Bad Cannstatt|Stuttgart Hbf (tief),8006700,Stuttgart Stadtmitte,Baden-Württemberg,Stuttgart,70173,9.173046906,48.77632953,3,2506080727,,2506080727,,,,,,,,,,,0.0,0.0
-8108385215609287130-2506080646-14,7110,2506080723,2506080723,2,,S,1,Herrenberg|Nufringen|Gärtringen|Ehningen(b Böblingen)|Hulb|Böblingen|Goldberg(Württ)|Stuttgart-Rohr|Stuttgart-Vaihingen|Stuttgart-Österfeld|Stuttgart Universität|Stuttgart Schwabstr.|Stuttgart Feuersee,8006700,Stuttgart Stadtmitte,Baden-Württemberg,Stuttgart,70173,9.173046906,48.77632953,3,2506080723,,2506080723,,,,,,,,,,,0.0,0.0
-4089337278431447837-2506080752-3,7512,2506080755,2506080756,2,,S,5,Stuttgart Schwabstr.|Stuttgart Feuersee,8006700,Stuttgart Stadtmitte,Baden-Württemberg,Stuttgart,70173,9.173046906,48.77632953,3,2506080759,,2506080800,,,,,,,,,,,4.0,4.0
4826883919594967427-2506080648-11,7308,2506080713,2506080713,2,,S,3,Stuttgart Flughafen/Messe|Echterdingen|Leinfelden|Oberaichen|Stuttgart-Rohr|Stuttgart-Vaihingen|Stuttgart-Österfeld|Stuttgart Universität|Stuttgart Schwabstr.|Stuttgart Feuersee,8006700,Stuttgart Stadtmitte,Baden-Württemberg,Stuttgart,70173,9.173046906,48.77632953,3,2506080713,,2506080714,,,,,,,,,,,0.0,1.0
-2856928912084347734-2506080722-3,7510,2506080725,2506080726,2,,S,5,Stuttgart Schwabstr.|Stuttgart Feuersee,8006700,Stuttgart Stadtmitte,Baden-Württemberg,Stuttgart,70173,9.173046906,48.77632953,3,2506080725,,2506080726,,,,,,,,,,,0.0,0.0
3888224273021493436-2506080718-16,7213,2506080757,2506080757,1,,S,2,Schorndorf|Weiler(Rems)|Winterbach(b Schorndorf)|Geradstetten|Grunbach|Beutelsbach|Endersbach|Stetten-Beinstein|Rommelshausen|Waiblingen|Fellbach|Stuttgart-Sommerrain|Stuttgart Nürnberger Str.|Stuttgart-Bad Cannstatt|Stuttgart Hbf (tief),8006700,Stuttgart Stadtmitte,Baden-Württemberg,Stuttgart,70173,9.173046906,48.77632953,3,2506080757,,2506080757,,,,,,,,,,,0.0,0.0
3330235600947433352-2506080703-12,7208,2506080733,2506080733,2,,S,2,Filderstadt|Stuttgart Flughafen/Messe|Echterdingen|Leinfelden|Oberaichen|Stuttgart-Rohr|Stuttgart-Vaihingen|Stuttgart-Österfeld|Stuttgart Universität|Stuttgart Schwabstr.|Stuttgart Feuersee,8006700,Stuttgart Stadtmitte,Baden-Württemberg,Stuttgart,70173,9.173046906,48.77632953,3,2506080733,,2506080733,,,,,,,,,,,0.0,0.0
3957411612578008716-2506080712-3,7608,2506080715,2506080716,2,,S,6,Stuttgart Schwabstr.|Stuttgart Feuersee,8006700,Stuttgart Stadtmitte,Baden-Württemberg,Stuttgart,70173,9.173046906,48.77632953,3,2506080716,,2506080717,,,,,,,,,,,1.0,1.0
7155033421118958991-2506080707-10,7511,2506080734,2506080735,1,,S,5,Bietigheim-Bissingen|Tamm(Württ)|Asperg|Ludwigsburg|Kornwestheim Pbf|Stuttgart-Zuffenhausen|Stuttgart-Feuerbach|Stuttgart Nord|Stuttgart Hbf (tief),8006700,Stuttgart Stadtmitte,Baden-Württemberg,Stuttgart,70173,9.173046906,48.77632953,3,2506080734,,2506080735,,,,,,,,,,,0.0,0.0
5233930570318938602-2506080730-6,7310,2506080743,2506080743,2,,S,3,Stuttgart-Vaihingen|Stuttgart-Österfeld|Stuttgart Universität|Stuttgart Schwabstr.|Stuttgart Feuersee,8006700,Stuttgart Stadtmitte,Baden-Württemberg,Stuttgart,70173,9.173046906,48.77632953,3,2506080743,,2506080743,,,,,,,,,,,0.0,0.0
-2096809252009887696-2506080702-3,7406,2506080705,2506080706,2,,S,4,Stuttgart Schwabstr.|Stuttgart Feuersee,8006700,Stuttgart Stadtmitte,Baden-Württemberg,Stuttgart,70173,9.173046906,48.77632953,3,2506080706,,2506080707,,,,,,,,,,,1.0,1.0
-2915141727268180381-2506080711-13,7311,2506080747,2506080747,1,,S,3,Backnang|Maubach|Nellmersbach|Winnenden|Schwaikheim|Neustadt-Hohenacker|Waiblingen|Fellbach|Stuttgart-Sommerrain|Stuttgart Nürnberger Str.|Stuttgart-Bad Cannstatt|Stuttgart Hbf (tief),8006700,Stuttgart Stadtmitte,Baden-Württemberg,Stuttgart,70173,9.173046906,48.77632953,3,2506080746,,2506080747,,,,,,,,,,,-1.0,0.0
-6655970972115007016-2506080650-16,7111,2506080737,2506080737,1,,S,1,Kirchheim(Teck)|Kirchheim(Teck)-Ötlingen|Wendlingen(Neckar)|Wernau(Neckar)|Plochingen|Altbach|Esslingen-Zell|Oberesslingen|Esslingen(Neckar)|Esslingen-Mettingen|Stuttgart-Obertürkheim|Stuttgart-Untertürkheim|Stuttgart Neckarpark|Stuttgart-Bad Cannstatt|Stuttgart Hbf (tief),8006700,Stuttgart Stadtmitte,Baden-Württemberg,Stuttgart,70173,9.173046906,48.77632953,3,2506080739,,2506080740,,,,,,,,,,,2.0,3.0
9133098357832980471-2506080620-16,7109,2506080707,2506080707,1,,S,1,Kirchheim(Teck)|Kirchheim(Teck)-Ötlingen|Wendlingen(Neckar)|Wernau(Neckar)|Plochingen|Altbach|Esslingen-Zell|Oberesslingen|Esslingen(Neckar)|Esslingen-Mettingen|Stuttgart-Obertürkheim|Stuttgart-Untertürkheim|Stuttgart Neckarpark|Stuttgart-Bad Cannstatt|Stuttgart Hbf (tief),8006700,Stuttgart Stadtmitte,Baden-Württemberg,Stuttgart,70173,9.173046906,48.77632953,3,2506080709,,2506080709,,,,,,,,,,,2.0,2.0
4433222154122274025-2506080703-15,7611,2506080744,2506080745,1,,S,6,Weil der Stadt|Malmsheim|Renningen|Rutesheim|Leonberg|Höfingen|Ditzingen|Weilimdorf|Korntal|Neuwirtshaus(Porscheplatz)|Stuttgart-Zuffenhausen|Stuttgart-Feuerbach|Stuttgart Nord|Stuttgart Hbf (tief),8006700,Stuttgart Stadtmitte,Baden-Württemberg,Stuttgart,70173,9.173046906,48.77632953,3,2506080744,,2506080745,,,,,,,,,,,0.0,0.0
859497721048976458-2506080725-11,7411,2506080754,2506080755,1,,S,4,Marbach(Neckar)|Benningen(Neckar)|Freiberg(Neckar)|Favoritepark|Ludwigsburg|Kornwestheim Pbf|Stuttgart-Zuffenhausen|Stuttgart-Feuerbach|Stuttgart Nord|Stuttgart Hbf (tief),8006700,Stuttgart Stadtmitte,Baden-Württemberg,Stuttgart,70173,9.173046906,48.77632953,3,2506080754,,2506080755,,,,,,,,,,,0.0,0.0
-2643490442022964578-2506080716-14,7112,2506080753,2506080753,2,,S,1,Herrenberg|Nufringen|Gärtringen|Ehningen(b Böblingen)|Hulb|Böblingen|Goldberg(Württ)|Stuttgart-Rohr|Stuttgart-Vaihingen|Stuttgart-Österfeld|Stuttgart Universität|Stuttgart Schwabstr.|Stuttgart Feuersee,8006700,Stuttgart Stadtmitte,Baden-Württemberg,Stuttgart,70173,9.173046906,48.77632953,3,2506080756,,2506080757,,,,,,,,,,,3.0,4.0
-8108385215609287130-2506080646-18,7110,2506080734,2506080734,6,,S,1,Herrenberg|Nufringen|Gärtringen|Ehningen(b Böblingen)|Hulb|Böblingen|Goldberg(Württ)|Stuttgart-Rohr|Stuttgart-Vaihingen|Stuttgart-Österfeld|Stuttgart Universität|Stuttgart Schwabstr.|Stuttgart Feuersee|Stuttgart Stadtmitte|Stuttgart Hbf (tief)|Stuttgart-Bad Cannstatt|Stuttgart Neckarpark,8005775,Stuttgart-Untertürkheim Pbf,Baden-Württemberg,Stuttgart,70327,9.250467074,48.77984679,3,2506080736,,2506080736,,,,,,,,,,,2.0,2.0
-7709757529463307534-2506080720-12,7113,2506080755,2506080755,5,,S,1,Kirchheim(Teck)|Kirchheim(Teck)-Ötlingen|Wendlingen(Neckar)|Wernau(Neckar)|Plochingen|Altbach|Esslingen-Zell|Oberesslingen|Esslingen(Neckar)|Esslingen-Mettingen|Stuttgart-Obertürkheim,8005775,Stuttgart-Untertürkheim Pbf,Baden-Württemberg,Stuttgart,70327,9.250467074,48.77984679,3,2506080755,,2506080756,,,,,,,,,,,0.0,1.0
-6655970972115007016-2506080650-12,7111,2506080725,2506080725,5,,S,1,Kirchheim(Teck)|Kirchheim(Teck)-Ötlingen|Wendlingen(Neckar)|Wernau(Neckar)|Plochingen|Altbach|Esslingen-Zell|Oberesslingen|Esslingen(Neckar)|Esslingen-Mettingen|Stuttgart-Obertürkheim,8005775,Stuttgart-Untertürkheim Pbf,Baden-Württemberg,Stuttgart,70327,9.250467074,48.77984679,3,2506080728,,2506080729,,,,,,,,,,,3.0,4.0
2798033046917737648-2506080616-18,7108,2506080704,2506080704,6,,S,1,Herrenberg|Nufringen|Gärtringen|Ehningen(b Böblingen)|Hulb|Böblingen|Goldberg(Württ)|Stuttgart-Rohr|Stuttgart-Vaihingen|Stuttgart-Österfeld|Stuttgart Universität|Stuttgart Schwabstr.|Stuttgart Feuersee|Stuttgart Stadtmitte|Stuttgart Hbf (tief)|Stuttgart-Bad Cannstatt|Stuttgart Neckarpark,8005775,Stuttgart-Untertürkheim Pbf,Baden-Württemberg,Stuttgart,70327,9.250467074,48.77984679,3,2506080707,,2506080707,,,,,,,,,,,3.0,3.0
-6595517868678510983-2506080648-21,7211,2506080739,2506080740,2,,S,2,Schorndorf|Weiler(Rems)|Winterbach(b Schorndorf)|Geradstetten|Grunbach|Beutelsbach|Endersbach|Stetten-Beinstein|Rommelshausen|Waiblingen|Fellbach|Stuttgart-Sommerrain|Stuttgart Nürnberger Str.|Stuttgart-Bad Cannstatt|Stuttgart Hbf (tief)|Stuttgart Stadtmitte|Stuttgart Feuersee|Stuttgart Schwabstr.|Stuttgart Universität|Stuttgart-Österfeld,8005776,Stuttgart-Vaihingen,Baden-Württemberg,Stuttgart,70563,9.113913368,48.72698116,3,2506080739,,2506080740,,,,,,,,,,,0.0,0.0
-8108385215609287130-2506080646-9,7110,2506080710,2506080710,3,,S,1,Herrenberg|Nufringen|Gärtringen|Ehningen(b Böblingen)|Hulb|Böblingen|Goldberg(Württ)|Stuttgart-Rohr,8005776,Stuttgart-Vaihingen,Baden-Württemberg,Stuttgart,70563,9.113913368,48.72698116,3,2506080710,,2506080710,,,,,,,,,,,0.0,0.0
4826883919594967427-2506080648-6,7308,2506080700,2506080700,3,,S,3,Stuttgart Flughafen/Messe|Echterdingen|Leinfelden|Oberaichen|Stuttgart-Rohr,8005776,Stuttgart-Vaihingen,Baden-Württemberg,Stuttgart,70563,9.113913368,48.72698116,3,2506080700,,2506080700,,,,,,,,,,,0.0,0.0
3330235600947433352-2506080703-7,7208,2506080720,2506080720,3,,S,2,Filderstadt|Stuttgart Flughafen/Messe|Echterdingen|Leinfelden|Oberaichen|Stuttgart-Rohr,8005776,Stuttgart-Vaihingen,Baden-Württemberg,Stuttgart,70563,9.113913368,48.72698116,3,2506080719,,2506080720,,,,,,,,,,,-1.0,0.0
5233930570318938602-2506080730-1,7310,,2506080730,,,S,3,,8005776,Stuttgart-Vaihingen,Baden-Württemberg,Stuttgart,70563,9.113913368,48.72698116,3,,,2506080730,,,,,,,,,,,0.0,0.0
-2915141727268180381-2506080711-18,7311,2506080759,2506080800,2,,S,3,Backnang|Maubach|Nellmersbach|Winnenden|Schwaikheim|Neustadt-Hohenacker|Waiblingen|Fellbach|Stuttgart-Sommerrain|Stuttgart Nürnberger Str.|Stuttgart-Bad Cannstatt|Stuttgart Hbf (tief)|Stuttgart Stadtmitte|Stuttgart Feuersee|Stuttgart Schwabstr.|Stuttgart Universität|Stuttgart-Österfeld,8005776,Stuttgart-Vaihingen,Baden-Württemberg,Stuttgart,70563,9.113913368,48.72698116,3,2506080759,,2506080800,,,,,,,,,,,0.0,0.0
-6655970972115007016-2506080650-21,7111,2506080749,2506080750,1,,S,1,Kirchheim(Teck)|Kirchheim(Teck)-Ötlingen|Wendlingen(Neckar)|Wernau(Neckar)|Plochingen|Altbach|Esslingen-Zell|Oberesslingen|Esslingen(Neckar)|Esslingen-Mettingen|Stuttgart-Obertürkheim|Stuttgart-Untertürkheim|Stuttgart Neckarpark|Stuttgart-Bad Cannstatt|Stuttgart Hbf (tief)|Stuttgart Stadtmitte|Stuttgart Feuersee|Stuttgart Schwabstr.|Stuttgart Universität|Stuttgart-Österfeld,8005776,Stuttgart-Vaihingen,Baden-Württemberg,Stuttgart,70563,9.113913368,48.72698116,3,2506080751,,2506080752,,,,,,,,,,,2.0,2.0
9133098357832980471-2506080620-21,7109,2506080719,2506080720,1,,S,1,Kirchheim(Teck)|Kirchheim(Teck)-Ötlingen|Wendlingen(Neckar)|Wernau(Neckar)|Plochingen|Altbach|Esslingen-Zell|Oberesslingen|Esslingen(Neckar)|Esslingen-Mettingen|Stuttgart-Obertürkheim|Stuttgart-Untertürkheim|Stuttgart Neckarpark|Stuttgart-Bad Cannstatt|Stuttgart Hbf (tief)|Stuttgart Stadtmitte|Stuttgart Feuersee|Stuttgart Schwabstr.|Stuttgart Universität|Stuttgart-Österfeld,8005776,Stuttgart-Vaihingen,Baden-Württemberg,Stuttgart,70563,9.113913368,48.72698116,3,2506080720,,2506080721,,,,,,,,,,,1.0,1.0
-2643490442022964578-2506080716-9,7112,2506080740,2506080740,3,,S,1,Herrenberg|Nufringen|Gärtringen|Ehningen(b Böblingen)|Hulb|Böblingen|Goldberg(Württ)|Stuttgart-Rohr,8005776,Stuttgart-Vaihingen,Baden-Württemberg,Stuttgart,70563,9.113913368,48.72698116,3,2506080742,,2506080742,,,,,,,,,,,2.0,2.0
6648849532750511592-2506080715-2,17695,2506080729,2506080730,1,,RE,4,Stuttgart Hbf,8005776,Stuttgart-Vaihingen,Baden-Württemberg,Stuttgart,70563,9.113913368,48.72698116,3,2506080729,,2506080730,,h,3,Information,,,,,,,0.0,0.0
8928020016835199525-2506080611-18,7307,2506080659,2506080700,2,,S,3,Backnang|Maubach|Nellmersbach|Winnenden|Schwaikheim|Neustadt-Hohenacker|Waiblingen|Fellbach|Stuttgart-Sommerrain|Stuttgart Nürnberger Str.|Stuttgart-Bad Cannstatt|Stuttgart Hbf (tief)|Stuttgart Stadtmitte|Stuttgart Feuersee|Stuttgart Schwabstr.|Stuttgart Universität|Stuttgart-Österfeld,8005776,Stuttgart-Vaihingen,Baden-Württemberg,Stuttgart,70563,9.113913368,48.72698116,3,2506080707,,2506080708,,,,,,,,,,,8.0,8.0
3957411612578008716-2506080712-10,7608,2506080733,2506080733,1,,S,6,Stuttgart Schwabstr.|Stuttgart Feuersee|Stuttgart Stadtmitte|Stuttgart Hbf (tief)|Stuttgart Nord|Stuttgart-Feuerbach|Stuttgart-Zuffenhausen|Neuwirtshaus(Porscheplatz)|Korntal,8006268,Stuttgart-Weilimdorf,Baden-Württemberg,Stuttgart,70499,9.094370086,48.82208429,5,2506080733,,2506080733,,,,,,,,,,,0.0,0.0
-1347709455583751185-2506080733-8,7613,2506080756,2506080756,2,,S,6,Weil der Stadt|Malmsheim|Renningen|Rutesheim|Leonberg|Höfingen|Ditzingen,8006268,Stuttgart-Weilimdorf,Baden-Württemberg,Stuttgart,70499,9.094370086,48.82208429,5,2506080756,,2506080758,,,,,,,,,,,0.0,2.0
4433222154122274025-2506080703-8,7611,2506080726,2506080726,2,,S,6,Weil der Stadt|Malmsheim|Renningen|Rutesheim|Leonberg|Höfingen|Ditzingen,8006268,Stuttgart-Weilimdorf,Baden-Württemberg,Stuttgart,70499,9.094370086,48.82208429,5,2506080726,,2506080727,,,,,,,,,,,0.0,1.0
-2856928912084347734-2506080722-7,7510,2506080736,2506080737,4,,S,5,Stuttgart Schwabstr.|Stuttgart Feuersee|Stuttgart Stadtmitte|Stuttgart Hbf (tief)|Stuttgart Nord|Stuttgart-Feuerbach,8005778,Stuttgart-Zuffenhausen,Baden-Württemberg,Stuttgart,70435,9.167156375,48.82960884,3,2506080736,,2506080737,,,,,,,,,,,0.0,0.0
-5856161558368495320-2506080737-6,7513,2506080753,2506080754,2,,S,5,Bietigheim-Bissingen|Tamm(Württ)|Asperg|Ludwigsburg|Kornwestheim Pbf,8005778,Stuttgart-Zuffenhausen,Baden-Württemberg,Stuttgart,70435,9.167156375,48.82960884,3,2506080753,,2506080754,,,,,,,,,,,0.0,0.0
3957411612578008716-2506080712-7,7608,2506080726,2506080727,11,,S,6,Stuttgart Schwabstr.|Stuttgart Feuersee|Stuttgart Stadtmitte|Stuttgart Hbf (tief)|Stuttgart Nord|Stuttgart-Feuerbach,8005778,Stuttgart-Zuffenhausen,Baden-Württemberg,Stuttgart,70435,9.167156375,48.82960884,3,2506080727,,2506080727,,,,,,,,,,,1.0,0.0
7155033421118958991-2506080707-6,7511,2506080723,2506080724,2,,S,5,Bietigheim-Bissingen|Tamm(Württ)|Asperg|Ludwigsburg|Kornwestheim Pbf,8005778,Stuttgart-Zuffenhausen,Baden-Württemberg,Stuttgart,70435,9.167156375,48.82960884,3,2506080724,,2506080724,,,,,,,,,,,1.0,0.0
-2096809252009887696-2506080702-7,7406,2506080716,2506080717,4,,S,4,Stuttgart Schwabstr.|Stuttgart Feuersee|Stuttgart Stadtmitte|Stuttgart Hbf (tief)|Stuttgart Nord|Stuttgart-Feuerbach,8005778,Stuttgart-Zuffenhausen,Baden-Württemberg,Stuttgart,70435,9.167156375,48.82960884,3,2506080717,,2506080717,,,,,,,,,,,1.0,0.0
4433222154122274025-2506080703-11,7611,2506080733,2506080734,12,,S,6,Weil der Stadt|Malmsheim|Renningen|Rutesheim|Leonberg|Höfingen|Ditzingen|Weilimdorf|Korntal|Neuwirtshaus(Porscheplatz),8005778,Stuttgart-Zuffenhausen,Baden-Württemberg,Stuttgart,70435,9.167156375,48.82960884,3,2506080733,,2506080734,,,,,,,,,,,0.0,0.0
859497721048976458-2506080725-7,7411,2506080743,2506080744,2,,S,4,Marbach(Neckar)|Benningen(Neckar)|Freiberg(Neckar)|Favoritepark|Ludwigsburg|Kornwestheim Pbf,8005778,Stuttgart-Zuffenhausen,Baden-Württemberg,Stuttgart,70435,9.167156375,48.82960884,3,2506080743,,2506080744,,,,,,,,,,,0.0,0.0
-2856928912084347734-2506080722-11,7510,2506080749,2506080750,3,,S,5,Stuttgart Schwabstr.|Stuttgart Feuersee|Stuttgart Stadtmitte|Stuttgart Hbf (tief)|Stuttgart Nord|Stuttgart-Feuerbach|Stuttgart-Zuffenhausen|Kornwestheim Pbf|Ludwigsburg|Asperg,8005820,Tamm (Württ),Baden-Württemberg,Tamm,71732,9.125288012,48.92187736,4,2506080749,,2506080750,,,,,,,,,,,0.0,0.0
-5856161558368495320-2506080737-2,7513,2506080740,2506080740,2,,S,5,Bietigheim-Bissingen,8005820,Tamm (Württ),Baden-Württemberg,Tamm,71732,9.125288012,48.92187736,4,2506080740,,2506080740,,,,,,,,,,,0.0,0.0
7155033421118958991-2506080707-2,7511,2506080710,2506080710,2,,S,5,Bietigheim-Bissingen,8005820,Tamm (Württ),Baden-Württemberg,Tamm,71732,9.125288012,48.92187736,4,2506080710,,2506080710,,,,,,,,,,,0.0,0.0
-6595517868678510983-2506080648-10,7211,2506080709,2506080710,5,,S,2,Schorndorf|Weiler(Rems)|Winterbach(b Schorndorf)|Geradstetten|Grunbach|Beutelsbach|Endersbach|Stetten-Beinstein|Rommelshausen,8000180,Waiblingen,Baden-Württemberg,Waiblingen,71332,9.300476874,48.8262444,3,2506080709,,2506080710,,,,,,,,,,,0.0,0.0
-1590497965188234876-2506080635-10,19410,2506080728,,6,,MEX,,Aalen Hbf|Mögglingen(Gmünd)|Böbingen(Rems)|Schwäbisch Gmünd|Lorch(Württ)|Waldhausen(b Schorndorf)|Plüderhausen|Urbach(b Schorndorf)|Schorndorf,8000180,Waiblingen,Baden-Württemberg,Waiblingen,71332,9.300476874,48.8262444,3,2506080725,,,,,,,,,,,,,-3.0,0.0
4826883919594967427-2506080648-17,7308,2506080729,2506080730,3,,S,3,Stuttgart Flughafen/Messe|Echterdingen|Leinfelden|Oberaichen|Stuttgart-Rohr|Stuttgart-Vaihingen|Stuttgart-Österfeld|Stuttgart Universität|Stuttgart Schwabstr.|Stuttgart Feuersee|Stuttgart Stadtmitte|Stuttgart Hbf (tief)|Stuttgart-Bad Cannstatt|Stuttgart Nürnberger Str.|Stuttgart-Sommerrain|Fellbach,8000180,Waiblingen,Baden-Württemberg,Waiblingen,71332,9.300476874,48.8262444,3,2506080729,,2506080730,,,,,,,,,,,0.0,0.0
3888224273021493436-2506080718-10,7213,2506080739,2506080740,5,,S,2,Schorndorf|Weiler(Rems)|Winterbach(b Schorndorf)|Geradstetten|Grunbach|Beutelsbach|Endersbach|Stetten-Beinstein|Rommelshausen,8000180,Waiblingen,Baden-Württemberg,Waiblingen,71332,9.300476874,48.8262444,3,2506080739,,2506080740,,,,,,,,,,,0.0,0.0
1183603668671718907-2506080741-7,7313,2506080759,2506080800,1,,S,3,Backnang|Maubach|Nellmersbach|Winnenden|Schwaikheim|Neustadt-Hohenacker,8000180,Waiblingen,Baden-Württemberg,Waiblingen,71332,9.300476874,48.8262444,3,2506080800,,2506080801,,,,,,,,,,,1.0,1.0
3330235600947433352-2506080703-18,7208,2506080749,2506080750,7,,S,2,Filderstadt|Stuttgart Flughafen/Messe|Echterdingen|Leinfelden|Oberaichen|Stuttgart-Rohr|Stuttgart-Vaihingen|Stuttgart-Österfeld|Stuttgart Universität|Stuttgart Schwabstr.|Stuttgart Feuersee|Stuttgart Stadtmitte|Stuttgart Hbf (tief)|Stuttgart-Bad Cannstatt|Stuttgart Nürnberger Str.|Stuttgart-Sommerrain|Fellbach,8000180,Waiblingen,Baden-Württemberg,Waiblingen,71332,9.300476874,48.8262444,3,2506080750,,2506080750,,,,,,,,,,,1.0,0.0
-1954317019764357398-2506080635-12,26782,2506080751,2506080752,1,,RE,90,Crailsheim|Eckartshausen-Ilshofen|Schwäbisch Hall-Hessental|Gaildorf West|Fichtenberg|Fornsbach|Murrhardt|Sulzbach(Murr)|Oppenweiler(Württ)|Backnang|Winnenden,8000180,Waiblingen,Baden-Württemberg,Waiblingen,71332,9.300476874,48.8262444,3,2506080753,,2506080754,,,,,,,,,,,2.0,2.0
5233930570318938602-2506080730-12,7310,2506080759,2506080800,3,,S,3,Stuttgart-Vaihingen|Stuttgart-Österfeld|Stuttgart Universität|Stuttgart Schwabstr.|Stuttgart Feuersee|Stuttgart Stadtmitte|Stuttgart Hbf (tief)|Stuttgart-Bad Cannstatt|Stuttgart Nürnberger Str.|Stuttgart-Sommerrain|Fellbach,8000180,Waiblingen,Baden-Württemberg,Waiblingen,71332,9.300476874,48.8262444,3,2506080759,,2506080800,,,,,,,,,,,0.0,0.0
-2915141727268180381-2506080711-7,7311,2506080729,2506080730,1,,S,3,Backnang|Maubach|Nellmersbach|Winnenden|Schwaikheim|Neustadt-Hohenacker,8000180,Waiblingen,Baden-Württemberg,Waiblingen,71332,9.300476874,48.8262444,3,2506080729,,2506080730,,,,,,,,,,,0.0,0.0
-769749627142904747-2506080653-3,88633,2506080704,2506080705,3,,RE,90,Stuttgart Hbf|Stuttgart-Bad Cannstatt,8000180,Waiblingen,Baden-Württemberg,Waiblingen,71332,9.300476874,48.8262444,3,2506080705,,2506080706,,,,,,,,,,,1.0,1.0
-4047123837810011442-2506080732-1,19457,,2506080732,,,MEX,13,,8000180,Waiblingen,Baden-Württemberg,Waiblingen,71332,9.300476874,48.8262444,3,,,2506080732,,,,,,,,,,,0.0,0.0
3957411612578008716-2506080712-17,7608,2506080757,,1,,S,,Stuttgart Schwabstr.|Stuttgart Feuersee|Stuttgart Stadtmitte|Stuttgart Hbf (tief)|Stuttgart Nord|Stuttgart-Feuerbach|Stuttgart-Zuffenhausen|Neuwirtshaus(Porscheplatz)|Korntal|Weilimdorf|Ditzingen|Höfingen|Leonberg|Rutesheim|Renningen|Malmsheim,8006271,Weil der Stadt,Baden-Württemberg,Weil der Stadt,71263,8.873189074,48.7557357,4,2506080757,,,,,,,,,,,,,0.0,0.0
-1347709455583751185-2506080733-1,7613,,2506080733,,,S,6,,8006271,Weil der Stadt,Baden-Württemberg,Weil der Stadt,71263,8.873189074,48.7557357,4,,,2506080733,,,,,,,,,,,0.0,0.0
4433222154122274025-2506080703-1,7611,,2506080703,,,S,6,,8006271,Weil der Stadt,Baden-Württemberg,Weil der Stadt,71263,8.873189074,48.7557357,4,,,2506080703,,,,,,,,,,,0.0,0.0
1919092743751022186-2506080603-26,7204,2506080707,2506080707,1,,S,2,Filderstadt|Stuttgart Flughafen/Messe|Echterdingen|Leinfelden|Oberaichen|Stuttgart-Rohr|Stuttgart-Vaihingen|Stuttgart-Österfeld|Stuttgart Universität|Stuttgart Schwabstr.|Stuttgart Feuersee|Stuttgart Stadtmitte|Stuttgart Hbf (tief)|Stuttgart-Bad Cannstatt|Stuttgart Nürnberger Str.|Stuttgart-Sommerrain|Fellbach|Waiblingen|Rommelshausen|Stetten-Beinstein|Endersbach|Beutelsbach|Grunbach|Geradstetten|Winterbach(b Schorndorf),8006277,Weiler (Rems),Baden-Württemberg,Schorndorf,76314,9.501891172,48.80034585,5,2506080709,,2506080709,,,,,,,,,,,2.0,2.0
3888224273021493436-2506080718-2,7213,2506080721,2506080721,2,,S,2,Schorndorf,8006277,Weiler (Rems),Baden-Württemberg,Schorndorf,76314,9.501891172,48.80034585,5,2506080720,,2506080721,,,,,,,,,,,-1.0,0.0
-5804237943130712983-2506080748-2,7215,2506080751,2506080751,2,,S,2,Schorndorf,8006277,Weiler (Rems),Baden-Württemberg,Schorndorf,76314,9.501891172,48.80034585,5,2506080751,,2506080751,,,,,,,,,,,0.0,0.0
7447640299994719946-2506080656-5,19237,2506080719,2506080719,2,,MEX,12,Stuttgart Hbf|Stuttgart-Bad Cannstatt|Esslingen(Neckar)|Plochingen,8006331,Wendlingen (Neckar),Baden-Württemberg,Wendlingen am Neckar,73240,9.373662098,48.67368917,3,2506080721,,2506080722,,c,,,,,,,,,2.0,3.0
2311060815632169594-2506080724-1,16045,,2506080724,,,RE,200,,8006331,Wendlingen (Neckar),Baden-Württemberg,Wendlingen am Neckar,73240,9.373662098,48.67368917,3,,,2506080724,1,h,3,Information,,,,,,,0.0,0.0
-6035406151764555985-2506080633-7,19306,2506080706,2506080707,1,,MEX,18,Tübingen Hbf|Reutlingen Hbf|Metzingen(Württ)|Bempflingen|Nürtingen|Oberboihingen,8006331,Wendlingen (Neckar),Baden-Württemberg,Wendlingen am Neckar,73240,9.373662098,48.67368917,3,2506080708,2,2506080709,2,,,,,,,,,,2.0,2.0
6953740057931963946-2506080629-3,16044,2506080700,,3,,RE,,Ulm Hbf|Merklingen - Schwäbische Alb,8006331,Wendlingen (Neckar),Baden-Württemberg,Wendlingen am Neckar,73240,9.373662098,48.67368917,3,2506080704,1,,,h,3,Information,,,,,,,4.0,0.0
-7709757529463307534-2506080720-3,7113,2506080727,2506080728,12,,S,1,Kirchheim(Teck)|Kirchheim(Teck)-Ötlingen,8006331,Wendlingen (Neckar),Baden-Württemberg,Wendlingen am Neckar,73240,9.373662098,48.67368917,3,2506080727,11,2506080728,11,,,,,,,,,,0.0,0.0
-7908498233924216314-2506080750-3,7115,2506080757,2506080758,12,,S,1,Kirchheim(Teck)|Kirchheim(Teck)-Ötlingen,8006331,Wendlingen (Neckar),Baden-Württemberg,Wendlingen am Neckar,73240,9.373662098,48.67368917,3,2506080801,11,2506080802,11,,,,,,,,,,4.0,4.0
-5842992503517375798-2506080546-27,7106,2506080702,2506080703,11,,S,1,Herrenberg|Nufringen|Gärtringen|Ehningen(b Böblingen)|Hulb|Böblingen|Goldberg(Württ)|Stuttgart-Rohr|Stuttgart-Vaihingen|Stuttgart-Österfeld|Stuttgart Universität|Stuttgart Schwabstr.|Stuttgart Feuersee|Stuttgart Stadtmitte|Stuttgart Hbf (tief)|Stuttgart-Bad Cannstatt|Stuttgart Neckarpark|Stuttgart-Untertürkheim|Stuttgart-Obertürkheim|Esslingen-Mettingen|Esslingen(Neckar)|Oberesslingen|Esslingen-Zell|Altbach|Plochingen|Wernau(Neckar),8006331,Wendlingen (Neckar),Baden-Württemberg,Wendlingen am Neckar,73240,9.373662098,48.67368917,3,2506080707,,2506080708,,,,,,,,,,,5.0,5.0
6656782556908432405-2506080620-15,19211,2506080750,2506080751,2,,MEX,18,Neckarsulm|Heilbronn Sülmertor|Heilbronn Hbf|Nordheim(Württ)|Lauffen(Neckar)|Kirchheim(Neckar)|Walheim(Württ)|Besigheim|Bietigheim-Bissingen|Ludwigsburg|Stuttgart Hbf|Stuttgart-Bad Cannstatt|Esslingen(Neckar)|Plochingen,8006331,Wendlingen (Neckar),Baden-Württemberg,Wendlingen am Neckar,73240,9.373662098,48.67368917,3,2506080750,,2506080751,,,,,,,,,,,0.0,0.0
-3543935101138175461-2506080729-3,16046,2506080759,,3,,RE,,Ulm Hbf|Merklingen - Schwäbische Alb,8006331,Wendlingen (Neckar),Baden-Württemberg,Wendlingen am Neckar,73240,9.373662098,48.67368917,3,2506080757,1,,,h,2,Information,,,,,,,-2.0,0.0
2798033046917737648-2506080616-27,7108,2506080732,2506080733,11,,S,1,Herrenberg|Nufringen|Gärtringen|Ehningen(b Böblingen)|Hulb|Böblingen|Goldberg(Württ)|Stuttgart-Rohr|Stuttgart-Vaihingen|Stuttgart-Österfeld|Stuttgart Universität|Stuttgart Schwabstr.|Stuttgart Feuersee|Stuttgart Stadtmitte|Stuttgart Hbf (tief)|Stuttgart-Bad Cannstatt|Stuttgart Neckarpark|Stuttgart-Untertürkheim|Stuttgart-Obertürkheim|Esslingen-Mettingen|Esslingen(Neckar)|Oberesslingen|Esslingen-Zell|Altbach|Plochingen|Wernau(Neckar),8006331,Wendlingen (Neckar),Baden-Württemberg,Wendlingen am Neckar,73240,9.373662098,48.67368917,3,2506080741,,2506080741,,,,,,,,,,,9.0,8.0
-8108385215609287130-2506080646-26,7110,2506080758,2506080759,2,,S,1,Herrenberg|Nufringen|Gärtringen|Ehningen(b Böblingen)|Hulb|Böblingen|Goldberg(Württ)|Stuttgart-Rohr|Stuttgart-Vaihingen|Stuttgart-Österfeld|Stuttgart Universität|Stuttgart Schwabstr.|Stuttgart Feuersee|Stuttgart Stadtmitte|Stuttgart Hbf (tief)|Stuttgart-Bad Cannstatt|Stuttgart Neckarpark|Stuttgart-Untertürkheim|Stuttgart-Obertürkheim|Esslingen-Mettingen|Esslingen(Neckar)|Oberesslingen|Esslingen-Zell|Altbach|Plochingen,8006346,Wernau (Neckar),Baden-Württemberg,Wernau (Neckar),73249,9.413654423,48.69417221,4,2506080759,,2506080759,,,,,,,,,,,1.0,0.0
-7709757529463307534-2506080720-4,7113,2506080731,2506080731,1,,S,1,Kirchheim(Teck)|Kirchheim(Teck)-Ötlingen|Wendlingen(Neckar),8006346,Wernau (Neckar),Baden-Württemberg,Wernau (Neckar),73249,9.413654423,48.69417221,4,2506080731,,2506080731,,,,,,,,,,,0.0,0.0
-6655970972115007016-2506080650-4,7111,2506080701,2506080701,1,,S,1,Kirchheim(Teck)|Kirchheim(Teck)-Ötlingen|Wendlingen(Neckar),8006346,Wernau (Neckar),Baden-Württemberg,Wernau (Neckar),73249,9.413654423,48.69417221,4,2506080702,,2506080702,,,,,,,,,,,1.0,1.0
2798033046917737648-2506080616-26,7108,2506080728,2506080729,2,,S,1,Herrenberg|Nufringen|Gärtringen|Ehningen(b Böblingen)|Hulb|Böblingen|Goldberg(Württ)|Stuttgart-Rohr|Stuttgart-Vaihingen|Stuttgart-Österfeld|Stuttgart Universität|Stuttgart Schwabstr.|Stuttgart Feuersee|Stuttgart Stadtmitte|Stuttgart Hbf (tief)|Stuttgart-Bad Cannstatt|Stuttgart Neckarpark|Stuttgart-Untertürkheim|Stuttgart-Obertürkheim|Esslingen-Mettingen|Esslingen(Neckar)|Oberesslingen|Esslingen-Zell|Altbach|Plochingen,8006346,Wernau (Neckar),Baden-Württemberg,Wernau (Neckar),73249,9.413654423,48.69417221,4,2506080737,,2506080737,,,,,,,,,,,9.0,8.0
4826883919594967427-2506080648-20,7308,2506080739,2506080739,2,,S,3,Stuttgart Flughafen/Messe|Echterdingen|Leinfelden|Oberaichen|Stuttgart-Rohr|Stuttgart-Vaihingen|Stuttgart-Österfeld|Stuttgart Universität|Stuttgart Schwabstr.|Stuttgart Feuersee|Stuttgart Stadtmitte|Stuttgart Hbf (tief)|Stuttgart-Bad Cannstatt|Stuttgart Nürnberger Str.|Stuttgart-Sommerrain|Fellbach|Waiblingen|Neustadt-Hohenacker|Schwaikheim,8006479,Winnenden,Baden-Württemberg,Winnenden,71364,9.392155928,48.8795625,3,2506080739,,2506080739,,,,,,,,,,,0.0,0.0
1183603668671718907-2506080741-4,7313,2506080749,2506080750,3,,S,3,Backnang|Maubach|Nellmersbach,8006479,Winnenden,Baden-Württemberg,Winnenden,71364,9.392155928,48.8795625,3,2506080750,,2506080751,,,,,,,,,,,1.0,1.0
-1954317019764357398-2506080635-11,26782,2506080744,2506080744,3,,RE,90,Crailsheim|Eckartshausen-Ilshofen|Schwäbisch Hall-Hessental|Gaildorf West|Fichtenberg|Fornsbach|Murrhardt|Sulzbach(Murr)|Oppenweiler(Württ)|Backnang,8006479,Winnenden,Baden-Württemberg,Winnenden,71364,9.392155928,48.8795625,3,2506080745,,2506080746,,,,,,,,,,,1.0,2.0
-2915141727268180381-2506080711-4,7311,2506080719,2506080720,3,,S,3,Backnang|Maubach|Nellmersbach,8006479,Winnenden,Baden-Württemberg,Winnenden,71364,9.392155928,48.8795625,3,2506080719,,2506080720,,,,,,,,,,,0.0,0.0
-769749627142904747-2506080653-4,88633,2506080713,2506080714,2,,RE,90,Stuttgart Hbf|Stuttgart-Bad Cannstatt|Waiblingen,8006479,Winnenden,Baden-Württemberg,Winnenden,71364,9.392155928,48.8795625,3,2506080714,,2506080714,,,,,,,,,,,1.0,0.0
1919092743751022186-2506080603-25,7204,2506080705,2506080705,2,,S,2,Filderstadt|Stuttgart Flughafen/Messe|Echterdingen|Leinfelden|Oberaichen|Stuttgart-Rohr|Stuttgart-Vaihingen|Stuttgart-Österfeld|Stuttgart Universität|Stuttgart Schwabstr.|Stuttgart Feuersee|Stuttgart Stadtmitte|Stuttgart Hbf (tief)|Stuttgart-Bad Cannstatt|Stuttgart Nürnberger Str.|Stuttgart-Sommerrain|Fellbach|Waiblingen|Rommelshausen|Stetten-Beinstein|Endersbach|Beutelsbach|Grunbach|Geradstetten,8006485,Winterbach (b Schorndorf),Baden-Württemberg,Winterbach,73650,9.481549751,48.79842743,4,2506080707,,2506080707,,,,,,,,,,,2.0,2.0
3888224273021493436-2506080718-3,7213,2506080723,2506080723,1,,S,2,Schorndorf|Weiler(Rems),8006485,Winterbach (b Schorndorf),Baden-Württemberg,Winterbach,73650,9.481549751,48.79842743,4,2506080722,,2506080723,,,,,,,,,,,-1.0,0.0
-5804237943130712983-2506080748-3,7215,2506080753,2506080753,1,,S,2,Schorndorf|Weiler(Rems),8006485,Winterbach (b Schorndorf),Baden-Württemberg,Winterbach,73650,9.481549751,48.79842743,4,2506080752,,2506080753,,,,,,,,,,,-1.0,0.0
1171775499323890807-2506080709-3,7010,2506080715,2506080715,2,,S,60,Renningen|Renningen Süd,8003807,Magstadt,Baden-Württemberg,Magstadt,71106,8.965315746,48.73616033,6,2506080715,,2506080715,,,,,,,,,,,0.0,0.0
3592955462745051107-2506080734-5,7011,2506080743,2506080744,1,,S,60,Böblingen|Sindelfingen|Maichingen|Maichingen Nord,8003807,Magstadt,Baden-Württemberg,Magstadt,71106,8.965315746,48.73616033,6,2506080744,,2506080744,,,,,,,,,,,1.0,0.0
-4329481721077865051-2506080739-3,7012,2506080745,2506080745,2,,S,60,Renningen|Renningen Süd,8003807,Magstadt,Baden-Württemberg,Magstadt,71106,8.965315746,48.73616033,6,2506080746,,2506080746,,,,,,,,,,,1.0,1.0
1171775499323890807-2506080709-4,7010,2506080717,2506080717,2,,S,60,Renningen|Renningen Süd|Magstadt,8003834,Maichingen Nord,Baden-Württemberg,Sindelfingen,71069,8.979416996,48.72750392,5,2506080717,,2506080717,,,,,,,,,,,0.0,0.0
3592955462745051107-2506080734-4,7011,2506080741,2506080741,1,,S,60,Böblingen|Sindelfingen|Maichingen,8003834,Maichingen Nord,Baden-Württemberg,Sindelfingen,71069,8.979416996,48.72750392,5,2506080742,,2506080742,,,,,,,,,,,1.0,1.0
-4329481721077865051-2506080739-4,7012,2506080747,2506080747,2,,S,60,Renningen|Renningen Süd|Magstadt,8003834,Maichingen Nord,Baden-Württemberg,Sindelfingen,71069,8.979416996,48.72750392,5,2506080748,,2506080748,,,,,,,,,,,1.0,1.0
1171775499323890807-2506080709-5,7010,2506080719,2506080719,1,,S,60,Renningen|Renningen Süd|Magstadt|Maichingen Nord,8003808,Maichingen,Baden-Württemberg,Sindelfingen,71069,8.969606704,48.72162074,6,2506080719,,2506080719,,,,,,,,,,,0.0,0.0
3592955462745051107-2506080734-3,7011,2506080739,2506080740,1,,S,60,Böblingen|Sindelfingen,8003808,Maichingen,Baden-Württemberg,Sindelfingen,71069,8.969606704,48.72162074,6,2506080740,,2506080741,,,,,,,,,,,1.0,1.0
-4329481721077865051-2506080739-5,7012,2506080749,2506080749,1,,S,60,Renningen|Renningen Süd|Magstadt|Maichingen Nord,8003808,Maichingen,Baden-Württemberg,Sindelfingen,71069,8.969606704,48.72162074,6,2506080750,,2506080750,,,,,,,,,,,1.0,1.0
1171775499323890807-2506080709-2,7010,2506080711,2506080711,2,,S,60,Renningen,8005001,Renningen Süd,Baden-Württemberg,Renningen,71272,8.932068278,48.76261937,6,2506080711,,2506080711,,,,,,,,,,,0.0,0.0
3592955462745051107-2506080734-6,7011,2506080747,2506080748,1,,S,60,Böblingen|Sindelfingen|Maichingen|Maichingen Nord|Magstadt,8005001,Renningen Süd,Baden-Württemberg,Renningen,71272,8.932068278,48.76261937,6,2506080748,,2506080749,,,,,,,,,,,1.0,1.0
-4329481721077865051-2506080739-2,7012,2506080741,2506080741,2,,S,60,Renningen,8005001,Renningen Süd,Baden-Württemberg,Renningen,71272,8.932068278,48.76261937,6,2506080742,,2506080742,,,,,,,,,,,1.0,1.0
-6595517868678510983-2506080648-15,7211,2506080725,2506080725,101,,S,2,Schorndorf|Weiler(Rems)|Winterbach(b Schorndorf)|Geradstetten|Grunbach|Beutelsbach|Endersbach|Stetten-Beinstein|Rommelshausen|Waiblingen|Fellbach|Stuttgart-Sommerrain|Stuttgart Nürnberger Str.|Stuttgart-Bad Cannstatt,8098096,Stuttgart Hbf (tief),Baden-Württemberg,Stuttgart,70173,9.180228831,48.78338649,1,2506080725,,2506080725,,,,,,,,,,,0.0,0.0
-8108385215609287130-2506080646-15,7110,2506080725,2506080725,102,,S,1,Herrenberg|Nufringen|Gärtringen|Ehningen(b Böblingen)|Hulb|Böblingen|Goldberg(Württ)|Stuttgart-Rohr|Stuttgart-Vaihingen|Stuttgart-Österfeld|Stuttgart Universität|Stuttgart Schwabstr.|Stuttgart Feuersee|Stuttgart Stadtmitte,8098096,Stuttgart Hbf (tief),Baden-Württemberg,Stuttgart,70173,9.180228831,48.78338649,1,2506080725,,2506080726,,,,,,,,,,,0.0,1.0
-4089337278431447837-2506080752-4,7512,2506080757,2506080758,102,,S,5,Stuttgart Schwabstr.|Stuttgart Feuersee|Stuttgart Stadtmitte,8098096,Stuttgart Hbf (tief),Baden-Württemberg,Stuttgart,70173,9.180228831,48.78338649,1,2506080801,,2506080801,,,,,,,,,,,4.0,3.0
4826883919594967427-2506080648-12,7308,2506080715,2506080715,102,,S,3,Stuttgart Flughafen/Messe|Echterdingen|Leinfelden|Oberaichen|Stuttgart-Rohr|Stuttgart-Vaihingen|Stuttgart-Österfeld|Stuttgart Universität|Stuttgart Schwabstr.|Stuttgart Feuersee|Stuttgart Stadtmitte,8098096,Stuttgart Hbf (tief),Baden-Württemberg,Stuttgart,70173,9.180228831,48.78338649,1,2506080715,,2506080715,,,,,,,,,,,0.0,0.0
-2856928912084347734-2506080722-4,7510,2506080727,2506080728,102,,S,5,Stuttgart Schwabstr.|Stuttgart Feuersee|Stuttgart Stadtmitte,8098096,Stuttgart Hbf (tief),Baden-Württemberg,Stuttgart,70173,9.180228831,48.78338649,1,2506080728,,2506080728,,,,,,,,,,,1.0,0.0
3888224273021493436-2506080718-15,7213,2506080755,2506080755,101,,S,2,Schorndorf|Weiler(Rems)|Winterbach(b Schorndorf)|Geradstetten|Grunbach|Beutelsbach|Endersbach|Stetten-Beinstein|Rommelshausen|Waiblingen|Fellbach|Stuttgart-Sommerrain|Stuttgart Nürnberger Str.|Stuttgart-Bad Cannstatt,8098096,Stuttgart Hbf (tief),Baden-Württemberg,Stuttgart,70173,9.180228831,48.78338649,1,2506080755,,2506080756,,,,,,,,,,,0.0,1.0
3330235600947433352-2506080703-13,7208,2506080735,2506080735,102,,S,2,Filderstadt|Stuttgart Flughafen/Messe|Echterdingen|Leinfelden|Oberaichen|Stuttgart-Rohr|Stuttgart-Vaihingen|Stuttgart-Österfeld|Stuttgart Universität|Stuttgart Schwabstr.|Stuttgart Feuersee|Stuttgart Stadtmitte,8098096,Stuttgart Hbf (tief),Baden-Württemberg,Stuttgart,70173,9.180228831,48.78338649,1,2506080735,,2506080735,,,,,,,,,,,0.0,0.0
3957411612578008716-2506080712-4,7608,2506080717,2506080718,102,,S,6,Stuttgart Schwabstr.|Stuttgart Feuersee|Stuttgart Stadtmitte,8098096,Stuttgart Hbf (tief),Baden-Württemberg,Stuttgart,70173,9.180228831,48.78338649,1,2506080718,,2506080719,,,,,,,,,,,1.0,1.0
7155033421118958991-2506080707-9,7511,2506080732,2506080733,101,,S,5,Bietigheim-Bissingen|Tamm(Württ)|Asperg|Ludwigsburg|Kornwestheim Pbf|Stuttgart-Zuffenhausen|Stuttgart-Feuerbach|Stuttgart Nord,8098096,Stuttgart Hbf (tief),Baden-Württemberg,Stuttgart,70173,9.180228831,48.78338649,1,2506080732,,2506080733,,,,,,,,,,,0.0,0.0
5233930570318938602-2506080730-7,7310,2506080745,2506080745,102,,S,3,Stuttgart-Vaihingen|Stuttgart-Österfeld|Stuttgart Universität|Stuttgart Schwabstr.|Stuttgart Feuersee|Stuttgart Stadtmitte,8098096,Stuttgart Hbf (tief),Baden-Württemberg,Stuttgart,70173,9.180228831,48.78338649,1,2506080745,,2506080745,,,,,,,,,,,0.0,0.0
-2096809252009887696-2506080702-4,7406,2506080707,2506080708,102,,S,4,Stuttgart Schwabstr.|Stuttgart Feuersee|Stuttgart Stadtmitte,8098096,Stuttgart Hbf (tief),Baden-Württemberg,Stuttgart,70173,9.180228831,48.78338649,1,2506080708,,2506080709,,,,,,,,,,,1.0,1.0
-2915141727268180381-2506080711-12,7311,2506080745,2506080745,101,,S,3,Backnang|Maubach|Nellmersbach|Winnenden|Schwaikheim|Neustadt-Hohenacker|Waiblingen|Fellbach|Stuttgart-Sommerrain|Stuttgart Nürnberger Str.|Stuttgart-Bad Cannstatt,8098096,Stuttgart Hbf (tief),Baden-Württemberg,Stuttgart,70173,9.180228831,48.78338649,1,2506080744,,2506080745,,,,,,,,,,,-1.0,0.0
-6655970972115007016-2506080650-15,7111,2506080735,2506080735,101,,S,1,Kirchheim(Teck)|Kirchheim(Teck)-Ötlingen|Wendlingen(Neckar)|Wernau(Neckar)|Plochingen|Altbach|Esslingen-Zell|Oberesslingen|Esslingen(Neckar)|Esslingen-Mettingen|Stuttgart-Obertürkheim|Stuttgart-Untertürkheim|Stuttgart Neckarpark|Stuttgart-Bad Cannstatt,8098096,Stuttgart Hbf (tief),Baden-Württemberg,Stuttgart,70173,9.180228831,48.78338649,1,2506080737,,2506080738,,,,,,,,,,,2.0,3.0
9133098357832980471-2506080620-15,7109,2506080705,2506080705,101,,S,1,Kirchheim(Teck)|Kirchheim(Teck)-Ötlingen|Wendlingen(Neckar)|Wernau(Neckar)|Plochingen|Altbach|Esslingen-Zell|Oberesslingen|Esslingen(Neckar)|Esslingen-Mettingen|Stuttgart-Obertürkheim|Stuttgart-Untertürkheim|Stuttgart Neckarpark|Stuttgart-Bad Cannstatt,8098096,Stuttgart Hbf (tief),Baden-Württemberg,Stuttgart,70173,9.180228831,48.78338649,1,2506080706,,2506080707,,,,,,,,,,,1.0,2.0
4433222154122274025-2506080703-14,7611,2506080742,2506080743,101,,S,6,Weil der Stadt|Malmsheim|Renningen|Rutesheim|Leonberg|Höfingen|Ditzingen|Weilimdorf|Korntal|Neuwirtshaus(Porscheplatz)|Stuttgart-Zuffenhausen|Stuttgart-Feuerbach|Stuttgart Nord,8098096,Stuttgart Hbf (tief),Baden-Württemberg,Stuttgart,70173,9.180228831,48.78338649,1,2506080742,,2506080743,,,,,,,,,,,0.0,0.0
859497721048976458-2506080725-10,7411,2506080752,2506080753,101,,S,4,Marbach(Neckar)|Benningen(Neckar)|Freiberg(Neckar)|Favoritepark|Ludwigsburg|Kornwestheim Pbf|Stuttgart-Zuffenhausen|Stuttgart-Feuerbach|Stuttgart Nord,8098096,Stuttgart Hbf (tief),Baden-Württemberg,Stuttgart,70173,9.180228831,48.78338649,1,2506080752,,2506080753,,,,,,,,,,,0.0,0.0
-2643490442022964578-2506080716-15,7112,2506080755,2506080755,102,,S,1,Herrenberg|Nufringen|Gärtringen|Ehningen(b Böblingen)|Hulb|Böblingen|Goldberg(Württ)|Stuttgart-Rohr|Stuttgart-Vaihingen|Stuttgart-Österfeld|Stuttgart Universität|Stuttgart Schwabstr.|Stuttgart Feuersee|Stuttgart Stadtmitte,8098096,Stuttgart Hbf (tief),Baden-Württemberg,Stuttgart,70173,9.180228831,48.78338649,1,2506080758,,2506080758,,,,,,,,,,,3.0,3.0
