ID,train_number,planned_arrival,planned_departure,planned_platform,planned_status,category_train,train,path,eva_nr,station_name,station_state,station_city,station_zipcode,station_long,station_lat,station_category,changed_arrival,changed_platform_arrival,changed_departure,changed_platform_departure,message_status,priority,info,arrival_hidden,departure_hidden,arrival_path,departure_path,arrival_status,departure_status,arrival_delay_m,departure_delay_m
-5145545947946560730-2602210240-16,7184,2602210320,2602210320,4,,S,S1,Stuttgart-Vaihingen|Stuttgart-Österfeld|Stuttgart Universität|Stuttgart Schwabstr.|Stuttgart Feuersee|Stuttgart Stadtmitte|Stuttgart Hbf (tief)|Stuttgart-Bad Cannstatt|Stuttgart Neckarpark|Stuttgart-Untertürkheim|Stuttgart-Obertürkheim|Esslingen-Mettingen|Esslingen(Neckar)|Oberesslingen|Esslingen-Zell,8000508,Altbach,Baden-Württemberg,Altbach,73776,9.382434033,48.72031354,3,2602210320,,2602210320,,,,,,,,,,,0.0,0.0
4412994067832630612-2602210328-4,7187,2602210340,2602210340,3,,S,S1,Wendlingen(Neckar)|Wernau(Neckar)|Plochingen,8000508,Altbach,Baden-Württemberg,Altbach,73776,9.382434033,48.72031354,3,2602210340,,2602210340,,,,,,,,,,,0.0,0.0
4891954304375744195-2602210322-10,7586,2602210347,2602210347,4,,S,S5,Stuttgart Schwabstr.|Stuttgart Feuersee|Stuttgart Stadtmitte|Stuttgart Hbf (tief)|Stuttgart Nordbahnhof|Stuttgart-Feuerbach|Stuttgart-Zuffenhausen|Kornwestheim Pbf|Ludwigsburg,8000630,Asperg,Baden-Württemberg,Asperg,71679,9.147977466,48.90725609,4,2602210348,,2602210348,,h,2,Störung,,,,,,,1.0,1.0
-7572214224253311572-2602210307-3,7585,2602210312,2602210313,3,,S,S5,Bietigheim-Bissingen|Tamm(Württ),8000630,Asperg,Baden-Württemberg,Asperg,71679,9.147977466,48.90725609,4,2602210312,,2602210313,,h,2,Störung,,,,,,,0.0,0.0
5699756456223548979-2602210311-1,7385,,2602210311,,,S,S3,,8000016,Backnang,Baden-Württemberg,Backnang,71522,9.425986107,48.94264844,3,,,2602210312,,,,,,,,,,,0.0,1.0
-3680974359523044069-2602210327-5,17505,2602210351,2602210351,4,,RB,MEX19,Stuttgart Hbf|Stuttgart-Bad Cannstatt|Waiblingen|Winnenden,8000016,Backnang,Baden-Württemberg,Backnang,71522,9.425986107,48.94264844,3,2602210351,,2602210352,,h,2,Bauarbeiten,,,,,,,0.0,1.0
-2781297562256860594-2602210300-18,7384,2602210348,,5,,S,,Stuttgart-Vaihingen|Stuttgart-Österfeld|Stuttgart Universität|Stuttgart Schwabstr.|Stuttgart Feuersee|Stuttgart Stadtmitte|Stuttgart Hbf (tief)|Stuttgart-Bad Cannstatt|Stuttgart Nürnberger Str.|Stuttgart-Sommerrain|Fellbach|Waiblingen|Neustadt-Hohenacker|Schwaikheim|Winnenden|Nellmersbach|Maubach,8000016,Backnang,Baden-Württemberg,Backnang,71522,9.425986107,48.94264844,3,2602210348,,,,,,,,,,,,,0.0,0.0
1121323544050799580-2602210325-2,7485,2602210327,2602210327,2,,S,S4,Marbach(Neckar),8000873,Benningen (Neckar),Baden-Württemberg,Benningen am Neckar,71726,9.244299075,48.94379773,5,2602210330,,2602210330,,h,2,Störung,,,,,,,3.0,3.0
-1864538409290104383-2602210302-12,7482,2602210332,2602210333,1,,S,S4,Stuttgart Schwabstr.|Stuttgart Feuersee|Stuttgart Stadtmitte|Stuttgart Hbf (tief)|Stuttgart Nordbahnhof|Stuttgart-Feuerbach|Stuttgart-Zuffenhausen|Kornwestheim Pbf|Ludwigsburg|Favoritepark|Freiberg(Neckar),8000873,Benningen (Neckar),Baden-Württemberg,Benningen am Neckar,71726,9.244299075,48.94379773,5,2602210333,,2602210333,,h,2,Störung,,,,,,,1.0,0.0
2339615914215213821-2602210303-22,7284,2602210358,2602210358,1,,S,S2,Filderstadt|Stuttgart Flughafen/Messe|Echterdingen|Leinfelden|Oberaichen|Stuttgart-Rohr|Stuttgart-Vaihingen|Stuttgart-Österfeld|Stuttgart Universität|Stuttgart Schwabstr.|Stuttgart Feuersee|Stuttgart Stadtmitte|Stuttgart Hbf (tief)|Stuttgart-Bad Cannstatt|Stuttgart Nürnberger Str.|Stuttgart-Sommerrain|Fellbach|Waiblingen|Rommelshausen|Stetten-Beinstein|Endersbach,8000934,Beutelsbach,Baden-Württemberg,Weinstadt,71384,9.38551589,48.81038925,5,2602210404,,2602210405,,,,,,,,,,,6.0,7.0
-1669766330763761732-2602210248-6,7287,2602210300,2602210300,2,,S,S2,Schorndorf|Weiler(Rems)|Winterbach(b Schorndorf)|Geradstetten|Grunbach,8000934,Beutelsbach,Baden-Württemberg,Weinstadt,71384,9.38551589,48.81038925,5,2602210300,,2602210301,,,,,,,,,,,0.0,1.0
4891954304375744195-2602210322-12,7586,2602210354,,5,,S,,Stuttgart Schwabstr.|Stuttgart Feuersee|Stuttgart Stadtmitte|Stuttgart Hbf (tief)|Stuttgart Nordbahnhof|Stuttgart-Feuerbach|Stuttgart-Zuffenhausen|Kornwestheim Pbf|Ludwigsburg|Asperg|Tamm(Württ),8000038,Bietigheim-Bissingen,Baden-Württemberg,Bietigheim-Bissingen,74321,9.137217396,48.94794988,2,2602210356,,,,h,2,Störung,,,,,,,2.0,0.0
-7572214224253311572-2602210307-1,7585,,2602210307,,,S,S5,,8000038,Bietigheim-Bissingen,Baden-Württemberg,Bietigheim-Bissingen,74321,9.137217396,48.94794988,2,,,2602210307,,h,2,Störung,,,,,,,0.0,0.0
-4197316340764410909-2602210311-7,19201,2602210336,2602210337,8,,RE,MEX12,Heilbronn Hbf|Nordheim(Württ)|Lauffen(Neckar)|Kirchheim(Neckar)|Walheim(Württ)|Besigheim,8000038,Bietigheim-Bissingen,Baden-Württemberg,Bietigheim-Bissingen,74321,9.137217396,48.94794988,2,2602210337,,2602210338,,,,,,,,,,,1.0,1.0
-1828383247140458364-2602210307-12,19539,2602210342,2602210342,4,,RE,MEX17,Pforzheim Hbf|Eutingen(Baden)|Niefern|Enzberg|Mühlacker|Mühlacker Rößlesweg|Illingen(Württ)|Vaihingen(Enz)|Sersheim|Sachsenheim|Ellental,8000038,Bietigheim-Bissingen,Baden-Württemberg,Bietigheim-Bissingen,74321,9.137217396,48.94794988,2,2602210345,,2602210345,,h,2,Information,,,,,,,3.0,3.0
-5576050167750401346-2602210309-7,28219,2602210326,2602210329,5,,S,S61,Renningen|Renningen Süd|Magstadt|Maichingen Nord|Maichingen|Sindelfingen,8001055,Böblingen,Baden-Württemberg,Böblingen,71034,9.004531864,48.68784871,3,2602210327,,2602210329,,h,1,Bauarbeiten,,,,,,,1.0,0.0
7954974172343017114-2602210316-6,28216,2602210330,2602210334,4,,S,S61,Herrenberg|Nufringen|Gärtringen|Ehningen(b Böblingen)|Hulb,8001055,Böblingen,Baden-Württemberg,Böblingen,71034,9.004531864,48.68784871,3,2602210331,,2602210334,,h,1,Bauarbeiten,,,,,,,1.0,0.0
3204868192877518802-2602210303-7,7685,2602210324,2602210324,2,,S,S6,Weil der Stadt|Malmsheim|Renningen|Rutesheim|Leonberg|Höfingen,8001476,Ditzingen,Baden-Württemberg,Ditzingen,71254,9.067095186,48.82358726,4,2602210324,3,2602210324,3,h,1,Bauarbeiten,,,,,,,0.0,0.0
-3224007522946951943-2602210312-11,7684,2602210336,2602210336,2,,S,S6,Stuttgart Schwabstr.|Stuttgart Feuersee|Stuttgart Stadtmitte|Stuttgart Hbf (tief)|Stuttgart Nordbahnhof|Stuttgart-Feuerbach|Stuttgart-Zuffenhausen|Neuwirtshaus(Porscheplatz)|Korntal|Weilimdorf,8001476,Ditzingen,Baden-Württemberg,Ditzingen,71254,9.067095186,48.82358726,4,2602210337,,2602210337,,h,1,Bauarbeiten,,,,,,,1.0,1.0
2339615914215213821-2602210303-3,7284,2602210310,2602210310,2,,S,S2,Filderstadt|Stuttgart Flughafen/Messe,8001650,Echterdingen,Baden-Württemberg,Echterdingen,70771,9.169307175,48.69214787,4,2602210315,,2602210315,,,,,,,,,,,5.0,5.0
-1669766330763761732-2602210248-25,7287,2602210349,2602210350,1,,S,S2,Schorndorf|Weiler(Rems)|Winterbach(b Schorndorf)|Geradstetten|Grunbach|Beutelsbach|Endersbach|Stetten-Beinstein|Rommelshausen|Waiblingen|Fellbach|Stuttgart-Sommerrain|Stuttgart Nürnberger Str.|Stuttgart-Bad Cannstatt|Stuttgart Hbf (tief)|Stuttgart Stadtmitte|Stuttgart Feuersee|Stuttgart Schwabstr.|Stuttgart Universität|Stuttgart-Österfeld|Stuttgart-Vaihingen|Stuttgart-Rohr|Oberaichen|Leinfelden,8001650,Echterdingen,Baden-Württemberg,Echterdingen,70771,9.169307175,48.69214787,4,2602210349,,2602210350,,,,,,,,,,,0.0,0.0
-5576050167750401346-2602210309-9,28219,2602210334,2602210334,2,,S,S61,Renningen|Renningen Süd|Magstadt|Maichingen Nord|Maichingen|Sindelfingen|Böblingen|Hulb,8001689,Ehningen (b Böblingen),Baden-Württemberg,Ehningen,71139,8.944310368,48.66275549,4,2602210334,,2602210334,,h,1,Bauarbeiten,,,,,,,0.0,0.0
7954974172343017114-2602210316-4,28216,2602210325,2602210325,1,,S,S61,Herrenberg|Nufringen|Gärtringen,8001689,Ehningen (b Böblingen),Baden-Württemberg,Ehningen,71139,8.944310368,48.66275549,4,2602210326,,2602210325,,h,1,Bauarbeiten,,,,,,,1.0,0.0
2339615914215213821-2602210303-21,7284,2602210356,2602210356,2,,S,S2,Filderstadt|Stuttgart Flughafen/Messe|Echterdingen|Leinfelden|Oberaichen|Stuttgart-Rohr|Stuttgart-Vaihingen|Stuttgart-Österfeld|Stuttgart Universität|Stuttgart Schwabstr.|Stuttgart Feuersee|Stuttgart Stadtmitte|Stuttgart Hbf (tief)|Stuttgart-Bad Cannstatt|Stuttgart Nürnberger Str.|Stuttgart-Sommerrain|Fellbach|Waiblingen|Rommelshausen|Stetten-Beinstein,8001785,Endersbach,Baden-Württemberg,Weinstadt,71384,9.370192421,48.81317323,4,2602210402,,2602210403,,,,,,,,,,,6.0,7.0
-1669766330763761732-2602210248-7,7287,2602210302,2602210302,3,,S,S2,Schorndorf|Weiler(Rems)|Winterbach(b Schorndorf)|Geradstetten|Grunbach|Beutelsbach,8001785,Endersbach,Baden-Württemberg,Weinstadt,71384,9.370192421,48.81317323,4,2602210302,,2602210302,,,,,,,,,,,0.0,0.0
-5145545947946560730-2602210240-13,7184,2602210312,2602210313,8,,S,S1,Stuttgart-Vaihingen|Stuttgart-Österfeld|Stuttgart Universität|Stuttgart Schwabstr.|Stuttgart Feuersee|Stuttgart Stadtmitte|Stuttgart Hbf (tief)|Stuttgart-Bad Cannstatt|Stuttgart Neckarpark|Stuttgart-Untertürkheim|Stuttgart-Obertürkheim|Esslingen-Mettingen,8001920,Esslingen (Neckar),Baden-Württemberg,Esslingen am Neckar,73728,9.300578149,48.73854148,3,2602210312,,2602210313,,,,,,,,,,,0.0,0.0
8478917472765819371-2602210304-9,19200,2602210352,2602210353,3,,RE,MEX12,Tübingen Hbf|Reutlingen Hbf|Metzingen(Württ)|Bempflingen|Nürtingen|Oberboihingen|Wendlingen(Neckar)|Plochingen,8001920,Esslingen (Neckar),Baden-Württemberg,Esslingen am Neckar,73728,9.300578149,48.73854148,3,2602210352,7,2602210353,7,,,,,,,,,,0.0,0.0
-3853709709212806878-2602210217-14,19104,2602210303,2602210304,3,,ARV,MEX16,Geislingen(Steige)|Geislingen(Steige)West|Kuchen|Gingen(Fils)|Süßen|Salach|Eislingen(Fils)|Göppingen|Faurndau|Uhingen|Ebersbach(Fils)|Reichenbach(Fils)|Plochingen,8001920,Esslingen (Neckar),Baden-Württemberg,Esslingen am Neckar,73728,9.300578149,48.73854148,3,2602210306,,2602210307,,,,,,,,,,,3.0,3.0
4412994067832630612-2602210328-7,7187,2602210347,2602210348,7,,S,S1,Wendlingen(Neckar)|Wernau(Neckar)|Plochingen|Altbach|Esslingen-Zell|Oberesslingen,8001920,Esslingen (Neckar),Baden-Württemberg,Esslingen am Neckar,73728,9.300578149,48.73854148,3,2602210347,,2602210348,,,,,,,,,,,0.0,0.0
2341795462491341556-2602210342-3,19107,2602210353,2602210354,5,,ARV,MEX16,Stuttgart Hbf|Stuttgart-Bad Cannstatt,8001920,Esslingen (Neckar),Baden-Württemberg,Esslingen am Neckar,73728,9.300578149,48.73854148,3,2602210356,8,2602210357,8,,,,,,,,,,3.0,3.0
-5145545947946560730-2602210240-12,7184,2602210309,2602210309,4,,S,S1,Stuttgart-Vaihingen|Stuttgart-Österfeld|Stuttgart Universität|Stuttgart Schwabstr.|Stuttgart Feuersee|Stuttgart Stadtmitte|Stuttgart Hbf (tief)|Stuttgart-Bad Cannstatt|Stuttgart Neckarpark|Stuttgart-Untertürkheim|Stuttgart-Obertürkheim,8001921,Esslingen-Mettingen,Baden-Württemberg,Esslingen am Neckar,73733,9.275799007,48.74696655,3,2602210309,,2602210309,,,,,,,,,,,0.0,0.0
4412994067832630612-2602210328-8,7187,2602210350,2602210350,3,,S,S1,Wendlingen(Neckar)|Wernau(Neckar)|Plochingen|Altbach|Esslingen-Zell|Oberesslingen|Esslingen(Neckar),8001921,Esslingen-Mettingen,Baden-Württemberg,Esslingen am Neckar,73733,9.275799007,48.74696655,3,2602210350,,2602210350,,,,,,,,,,,0.0,0.0
-5145545947946560730-2602210240-15,7184,2602210317,2602210318,4,,S,S1,Stuttgart-Vaihingen|Stuttgart-Österfeld|Stuttgart Universität|Stuttgart Schwabstr.|Stuttgart Feuersee|Stuttgart Stadtmitte|Stuttgart Hbf (tief)|Stuttgart-Bad Cannstatt|Stuttgart Neckarpark|Stuttgart-Untertürkheim|Stuttgart-Obertürkheim|Esslingen-Mettingen|Esslingen(Neckar)|Oberesslingen,8006642,Esslingen-Zell,Baden-Württemberg,Esslingen am Neckar,73730,9.359739507,48.72436142,3,2602210318,,2602210318,,,,,,,,,,,1.0,0.0
4412994067832630612-2602210328-5,7187,2602210342,2602210342,3,,S,S1,Wendlingen(Neckar)|Wernau(Neckar)|Plochingen|Altbach,8006642,Esslingen-Zell,Baden-Württemberg,Esslingen am Neckar,73730,9.359739507,48.72436142,3,2602210342,,2602210342,,,,,,,,,,,0.0,0.0
1121323544050799580-2602210325-4,7485,2602210333,2602210333,2,,S,S4,Marbach(Neckar)|Benningen(Neckar)|Freiberg(Neckar),8001967,Favoritepark,Baden-Württemberg,Ludwigsburg,71634,9.180574277,48.90948451,5,2602210336,,2602210337,,h,2,Störung,,,,,,,3.0,4.0
-1864538409290104383-2602210302-10,7482,2602210326,2602210326,1,,S,S4,Stuttgart Schwabstr.|Stuttgart Feuersee|Stuttgart Stadtmitte|Stuttgart Hbf (tief)|Stuttgart Nordbahnhof|Stuttgart-Feuerbach|Stuttgart-Zuffenhausen|Kornwestheim Pbf|Ludwigsburg,8001967,Favoritepark,Baden-Württemberg,Ludwigsburg,71634,9.180574277,48.90948451,5,2602210326,,2602210326,,h,2,Störung,,,,,,,0.0,0.0
5699756456223548979-2602210311-8,7385,2602210332,2602210333,4,,S,S3,Backnang|Maubach|Nellmersbach|Winnenden|Schwaikheim|Neustadt-Hohenacker|Waiblingen,8001974,Fellbach,Baden-Württemberg,Fellbach,70736,9.270645988,48.8202936,3,2602210333,,2602210333,,,,,,,,,,,1.0,0.0
2339615914215213821-2602210303-17,7284,2602210346,2602210347,1,,S,S2,Filderstadt|Stuttgart Flughafen/Messe|Echterdingen|Leinfelden|Oberaichen|Stuttgart-Rohr|Stuttgart-Vaihingen|Stuttgart-Österfeld|Stuttgart Universität|Stuttgart Schwabstr.|Stuttgart Feuersee|Stuttgart Stadtmitte|Stuttgart Hbf (tief)|Stuttgart-Bad Cannstatt|Stuttgart Nürnberger Str.|Stuttgart-Sommerrain,8001974,Fellbach,Baden-Württemberg,Fellbach,70736,9.270645988,48.8202936,3,2602210352,,2602210352,,,,,,,,,,,6.0,5.0
-1669766330763761732-2602210248-11,7287,2602210312,2602210313,4,,S,S2,Schorndorf|Weiler(Rems)|Winterbach(b Schorndorf)|Geradstetten|Grunbach|Beutelsbach|Endersbach|Stetten-Beinstein|Rommelshausen|Waiblingen,8001974,Fellbach,Baden-Württemberg,Fellbach,70736,9.270645988,48.8202936,3,2602210312,,2602210313,,,,,,,,,,,0.0,0.0
-2781297562256860594-2602210300-11,7384,2602210326,2602210327,1,,S,S3,Stuttgart-Vaihingen|Stuttgart-Österfeld|Stuttgart Universität|Stuttgart Schwabstr.|Stuttgart Feuersee|Stuttgart Stadtmitte|Stuttgart Hbf (tief)|Stuttgart-Bad Cannstatt|Stuttgart Nürnberger Str.|Stuttgart-Sommerrain,8001974,Fellbach,Baden-Württemberg,Fellbach,70736,9.270645988,48.8202936,3,2602210326,,2602210327,,,,,,,,,,,0.0,0.0
2339615914215213821-2602210303-2,7284,2602210307,2602210308,2,,S,S2,Filderstadt,8005768,Stuttgart Flughafen/Messe,Baden-Württemberg,Leinfelden-Echterdingen,70629,9.193411574,48.69075193,4,2602210312,,2602210313,,,,,,,,,,,5.0,5.0
-1669766330763761732-2602210248-26,7287,2602210352,2602210353,1,,S,S2,Schorndorf|Weiler(Rems)|Winterbach(b Schorndorf)|Geradstetten|Grunbach|Beutelsbach|Endersbach|Stetten-Beinstein|Rommelshausen|Waiblingen|Fellbach|Stuttgart-Sommerrain|Stuttgart Nürnberger Str.|Stuttgart-Bad Cannstatt|Stuttgart Hbf (tief)|Stuttgart Stadtmitte|Stuttgart Feuersee|Stuttgart Schwabstr.|Stuttgart Universität|Stuttgart-Österfeld|Stuttgart-Vaihingen|Stuttgart-Rohr|Oberaichen|Leinfelden|Echterdingen,8005768,Stuttgart Flughafen/Messe,Baden-Württemberg,Leinfelden-Echterdingen,70629,9.193411574,48.69075193,4,2602210352,,2602210353,,,,,,,,,,,0.0,0.0
1121323544050799580-2602210325-3,7485,2602210330,2602210331,2,,S,S4,Marbach(Neckar)|Benningen(Neckar),8002065,Freiberg (Neckar),Baden-Württemberg,Freiberg am Neckar,71691,9.197530085,48.92994974,5,2602210334,,2602210334,,h,2,Störung,,,,,,,4.0,3.0
-1864538409290104383-2602210302-11,7482,2602210329,2602210329,3,,S,S4,Stuttgart Schwabstr.|Stuttgart Feuersee|Stuttgart Stadtmitte|Stuttgart Hbf (tief)|Stuttgart Nordbahnhof|Stuttgart-Feuerbach|Stuttgart-Zuffenhausen|Kornwestheim Pbf|Ludwigsburg|Favoritepark,8002065,Freiberg (Neckar),Baden-Württemberg,Freiberg am Neckar,71691,9.197530085,48.92994974,5,2602210329,,2602210329,,h,2,Störung,,,,,,,0.0,0.0
-5576050167750401346-2602210309-10,28219,2602210337,2602210337,1,,S,S61,Renningen|Renningen Süd|Magstadt|Maichingen Nord|Maichingen|Sindelfingen|Böblingen|Hulb|Ehningen(b Böblingen),8002165,Gärtringen,Baden-Württemberg,Gärtringen,71116,8.908864487,48.64080021,5,2602210337,,2602210337,,h,1,Bauarbeiten,,,,,,,0.0,0.0
7954974172343017114-2602210316-3,28216,2602210322,2602210322,2,,S,S61,Herrenberg|Nufringen,8002165,Gärtringen,Baden-Württemberg,Gärtringen,71116,8.908864487,48.64080021,5,2602210322,,2602210322,,h,1,Bauarbeiten,,,,,,,0.0,0.0
-5971795153065126171-2602210203-24,7282,2602210302,2602210302,2,,S,S2,Filderstadt|Stuttgart Flughafen/Messe|Echterdingen|Leinfelden|Oberaichen|Stuttgart-Rohr|Stuttgart-Vaihingen|Stuttgart-Österfeld|Stuttgart Universität|Stuttgart Schwabstr.|Stuttgart Feuersee|Stuttgart Stadtmitte|Stuttgart Hbf (tief)|Stuttgart-Bad Cannstatt|Stuttgart Nürnberger Str.|Stuttgart-Sommerrain|Fellbach|Waiblingen|Rommelshausen|Stetten-Beinstein|Endersbach|Beutelsbach|Grunbach,8002240,Geradstetten,Baden-Württemberg,Remshalden,73630,9.439522346,48.80527689,5,2602210306,,2602210307,,,,,,,,,,,4.0,5.0
2977947774779095515-2602210348-4,7289,2602210355,2602210356,1,,S,S2,Schorndorf|Weiler(Rems)|Winterbach(b Schorndorf),8002240,Geradstetten,Baden-Württemberg,Remshalden,73630,9.439522346,48.80527689,5,2602210355,,2602210356,,,,,,,,,,,0.0,0.0
-5971795153065126171-2602210203-23,7282,2602210300,2602210300,3,,S,S2,Filderstadt|Stuttgart Flughafen/Messe|Echterdingen|Leinfelden|Oberaichen|Stuttgart-Rohr|Stuttgart-Vaihingen|Stuttgart-Österfeld|Stuttgart Universität|Stuttgart Schwabstr.|Stuttgart Feuersee|Stuttgart Stadtmitte|Stuttgart Hbf (tief)|Stuttgart-Bad Cannstatt|Stuttgart Nürnberger Str.|Stuttgart-Sommerrain|Fellbach|Waiblingen|Rommelshausen|Stetten-Beinstein|Endersbach|Beutelsbach,8002448,Grunbach,Baden-Württemberg,Remshalden,73630,9.419580601,48.810414,4,2602210305,,2602210305,,,,,,,,,,,5.0,5.0
2977947774779095515-2602210348-5,7289,2602210357,2602210358,2,,S,S2,Schorndorf|Weiler(Rems)|Winterbach(b Schorndorf)|Geradstetten,8002448,Grunbach,Baden-Württemberg,Remshalden,73630,9.419580601,48.810414,4,2602210357,,2602210358,,,,,,,,,,,0.0,0.0
-5576050167750401346-2602210309-12,28219,2602210344,,2,,S,,Renningen|Renningen Süd|Magstadt|Maichingen Nord|Maichingen|Sindelfingen|Böblingen|Hulb|Ehningen(b Böblingen)|Gärtringen|Nufringen,8002785,Herrenberg,Baden-Württemberg,Herrenberg,71083,8.862625253,48.59395697,3,2602210344,,,,h,1,Bauarbeiten,,,,,,,0.0,0.0
7221858954251069067-2602210351-1,22896,,2602210351,,,RB,RB63,,8002785,Herrenberg,Baden-Württemberg,Herrenberg,71083,8.862625253,48.59395697,3,,,2602210351,,,,,,,,,,,0.0,0.0
7954974172343017114-2602210316-1,28216,,2602210316,,,S,S61,,8002785,Herrenberg,Baden-Württemberg,Herrenberg,71083,8.862625253,48.59395697,3,,,2602210316,3,h,1,Bauarbeiten,,,,,,,0.0,0.0
7517112687179650859-2602210246-16,22707,2602210332,,102,,RB,,Reutlingen Hbf|Reutlingen West|Reutlingen-Betzingen|Wannweil|Kirchentellinsfurt|Tübingen-Lustnau|Tübingen Hbf|Tübingen West|Unterjesingen Sandäcker|Unterjesingen Mitte|Pfäffingen|Entringen|Altingen(Württ)|Gültstein|Herrenberg Zwerchweg,8002785,Herrenberg,Baden-Württemberg,Herrenberg,71083,8.862625253,48.59395697,3,2602210332,,,,,,,,,,,,,0.0,0.0
3204868192877518802-2602210303-6,7685,2602210320,2602210321,2,,S,S6,Weil der Stadt|Malmsheim|Renningen|Rutesheim|Leonberg,8002892,Höfingen,Baden-Württemberg,Leonberg,71229,9.026180834,48.81503436,5,2602210320,1,2602210321,1,h,1,Bauarbeiten,,,,,,,0.0,0.0
-3224007522946951943-2602210312-12,7684,2602210339,2602210339,2,,S,S6,Stuttgart Schwabstr.|Stuttgart Feuersee|Stuttgart Stadtmitte|Stuttgart Hbf (tief)|Stuttgart Nordbahnhof|Stuttgart-Feuerbach|Stuttgart-Zuffenhausen|Neuwirtshaus(Porscheplatz)|Korntal|Weilimdorf|Ditzingen,8002892,Höfingen,Baden-Württemberg,Leonberg,71229,9.026180834,48.81503436,5,2602210340,,2602210341,,h,1,Bauarbeiten,,,,,,,1.0,2.0
-5576050167750401346-2602210309-8,28219,2602210331,2602210331,1,,S,S61,Renningen|Renningen Süd|Magstadt|Maichingen Nord|Maichingen|Sindelfingen|Böblingen,8003022,Hulb,Baden-Württemberg,Böblingen-Hulb,71032,8.982396429,48.67924173,5,2602210331,,2602210331,,h,1,Bauarbeiten,,,,,,,0.0,0.0
7954974172343017114-2602210316-5,28216,2602210328,2602210328,2,,S,S61,Herrenberg|Nufringen|Gärtringen|Ehningen(b Böblingen),8003022,Hulb,Baden-Württemberg,Böblingen-Hulb,71032,8.982396429,48.67924173,5,2602210328,,2602210329,,h,1,Bauarbeiten,,,,,,,0.0,1.0
2339615914215213821-2602210303-1,7284,,2602210303,,,S,S2,,8001984,Filderstadt,Baden-Württemberg,Filderstadt,70794,9.217581315,48.67649151,5,,,2602210309,,,,,,,,,,,0.0,6.0
-1669766330763761732-2602210248-27,7287,2602210357,,1,,S,,Schorndorf|Weiler(Rems)|Winterbach(b Schorndorf)|Geradstetten|Grunbach|Beutelsbach|Endersbach|Stetten-Beinstein|Rommelshausen|Waiblingen|Fellbach|Stuttgart-Sommerrain|Stuttgart Nürnberger Str.|Stuttgart-Bad Cannstatt|Stuttgart Hbf (tief)|Stuttgart Stadtmitte|Stuttgart Feuersee|Stuttgart Schwabstr.|Stuttgart Universität|Stuttgart-Österfeld|Stuttgart-Vaihingen|Stuttgart-Rohr|Oberaichen|Leinfelden|Echterdingen|Stuttgart Flughafen/Messe,8001984,Filderstadt,Baden-Württemberg,Filderstadt,70794,9.217581315,48.67649151,5,2602210357,,,,,,,,,,,,,0.0,0.0
3204868192877518802-2602210303-9,7685,2602210328,2602210329,3,,S,S6,Weil der Stadt|Malmsheim|Renningen|Rutesheim|Leonberg|Höfingen|Ditzingen|Weilimdorf,8003409,Korntal,Baden-Württemberg,Korntal,70825,9.121099128,48.82640246,4,2602210330,2,2602210330,2,h,1,Bauarbeiten,,,,,,,2.0,1.0
-3224007522946951943-2602210312-9,7684,2602210331,2602210331,1,,S,S6,Stuttgart Schwabstr.|Stuttgart Feuersee|Stuttgart Stadtmitte|Stuttgart Hbf (tief)|Stuttgart Nordbahnhof|Stuttgart-Feuerbach|Stuttgart-Zuffenhausen|Neuwirtshaus(Porscheplatz),8003409,Korntal,Baden-Württemberg,Korntal,70825,9.121099128,48.82640246,4,2602210331,,2602210332,,h,1,Bauarbeiten,,,,,,,0.0,1.0
4891954304375744195-2602210322-8,7586,2602210340,2602210340,4,,S,S5,Stuttgart Schwabstr.|Stuttgart Feuersee|Stuttgart Stadtmitte|Stuttgart Hbf (tief)|Stuttgart Nordbahnhof|Stuttgart-Feuerbach|Stuttgart-Zuffenhausen,8003411,Kornwestheim Pbf,Baden-Württemberg,Kornwestheim,70806,9.179967278,48.86215948,3,2602210340,,2602210341,,h,2,Störung,,,,,,,0.0,1.0
1121323544050799580-2602210325-6,7485,2602210339,2602210340,3,,S,S4,Marbach(Neckar)|Benningen(Neckar)|Freiberg(Neckar)|Favoritepark|Ludwigsburg,8003411,Kornwestheim Pbf,Baden-Württemberg,Kornwestheim,70806,9.179967278,48.86215948,3,2602210342,,2602210342,,h,2,Störung,,,,,,,3.0,2.0
-7572214224253311572-2602210307-5,7585,2602210319,2602210320,3,,S,S5,Bietigheim-Bissingen|Tamm(Württ)|Asperg|Ludwigsburg,8003411,Kornwestheim Pbf,Baden-Württemberg,Kornwestheim,70806,9.179967278,48.86215948,3,2602210320,,2602210320,,h,2,Störung,,,,,,,1.0,0.0
-1864538409290104383-2602210302-8,7482,2602210320,2602210320,4,,S,S4,Stuttgart Schwabstr.|Stuttgart Feuersee|Stuttgart Stadtmitte|Stuttgart Hbf (tief)|Stuttgart Nordbahnhof|Stuttgart-Feuerbach|Stuttgart-Zuffenhausen,8003411,Kornwestheim Pbf,Baden-Württemberg,Kornwestheim,70806,9.179967278,48.86215948,3,2602210320,,2602210320,,h,2,Störung,,,,,,,0.0,0.0
2339615914215213821-2602210303-4,7284,2602210312,2602210313,2,,S,S2,Filderstadt|Stuttgart Flughafen/Messe|Echterdingen,8003622,Leinfelden,Baden-Württemberg,Leinfelden-Echterdingen,70771,9.142859698,48.6964193,4,2602210317,,2602210318,,,,,,,,,,,5.0,5.0
-1669766330763761732-2602210248-24,7287,2602210346,2602210347,1,,S,S2,Schorndorf|Weiler(Rems)|Winterbach(b Schorndorf)|Geradstetten|Grunbach|Beutelsbach|Endersbach|Stetten-Beinstein|Rommelshausen|Waiblingen|Fellbach|Stuttgart-Sommerrain|Stuttgart Nürnberger Str.|Stuttgart-Bad Cannstatt|Stuttgart Hbf (tief)|Stuttgart Stadtmitte|Stuttgart Feuersee|Stuttgart Schwabstr.|Stuttgart Universität|Stuttgart-Österfeld|Stuttgart-Vaihingen|Stuttgart-Rohr|Oberaichen,8003622,Leinfelden,Baden-Württemberg,Leinfelden-Echterdingen,70771,9.142859698,48.6964193,4,2602210347,,2602210347,,,,,,,,,,,1.0,0.0
3204868192877518802-2602210303-5,7685,2602210317,2602210317,1,,S,S6,Weil der Stadt|Malmsheim|Renningen|Rutesheim,8003652,Leonberg,Baden-Württemberg,Leonberg,71229,9.004025993,48.79970547,3,2602210317,,2602210317,,h,1,Bauarbeiten,,,,,,,0.0,0.0
-3224007522946951943-2602210312-13,7684,2602210343,2602210343,2,,S,S6,Stuttgart Schwabstr.|Stuttgart Feuersee|Stuttgart Stadtmitte|Stuttgart Hbf (tief)|Stuttgart Nordbahnhof|Stuttgart-Feuerbach|Stuttgart-Zuffenhausen|Neuwirtshaus(Porscheplatz)|Korntal|Weilimdorf|Ditzingen|Höfingen,8003652,Leonberg,Baden-Württemberg,Leonberg,71229,9.004025993,48.79970547,3,2602210344,,2602210344,,h,1,Bauarbeiten,,,,,,,1.0,1.0
4891954304375744195-2602210322-9,7586,2602210343,2602210344,2,,S,S5,Stuttgart Schwabstr.|Stuttgart Feuersee|Stuttgart Stadtmitte|Stuttgart Hbf (tief)|Stuttgart Nordbahnhof|Stuttgart-Feuerbach|Stuttgart-Zuffenhausen|Kornwestheim Pbf,8000235,Ludwigsburg,Baden-Württemberg,Ludwigsburg,71638,9.185229823,48.89208622,3,2602210344,,2602210344,,h,2,Störung,,,,,,,1.0,0.0
1121323544050799580-2602210325-5,7485,2602210336,2602210336,3,,S,S4,Marbach(Neckar)|Benningen(Neckar)|Freiberg(Neckar)|Favoritepark,8000235,Ludwigsburg,Baden-Württemberg,Ludwigsburg,71638,9.185229823,48.89208622,3,2602210339,,2602210339,,h,2,Störung,,,,,,,3.0,3.0
-7572214224253311572-2602210307-4,7585,2602210316,2602210316,3,,S,S5,Bietigheim-Bissingen|Tamm(Württ)|Asperg,8000235,Ludwigsburg,Baden-Württemberg,Ludwigsburg,71638,9.185229823,48.89208622,3,2602210316,,2602210317,,h,2,Störung,,,,,,,0.0,1.0
-4197316340764410909-2602210311-8,19201,2602210344,2602210345,4,,RE,MEX12,Heilbronn Hbf|Nordheim(Württ)|Lauffen(Neckar)|Kirchheim(Neckar)|Walheim(Württ)|Besigheim|Bietigheim-Bissingen,8000235,Ludwigsburg,Baden-Württemberg,Ludwigsburg,71638,9.185229823,48.89208622,3,2602210347,5,2602210351,5,,,,,,,,,,3.0,6.0
-1864538409290104383-2602210302-9,7482,2602210323,2602210324,2,,S,S4,Stuttgart Schwabstr.|Stuttgart Feuersee|Stuttgart Stadtmitte|Stuttgart Hbf (tief)|Stuttgart Nordbahnhof|Stuttgart-Feuerbach|Stuttgart-Zuffenhausen|Kornwestheim Pbf,8000235,Ludwigsburg,Baden-Württemberg,Ludwigsburg,71638,9.185229823,48.89208622,3,2602210324,,2602210324,,h,2,Störung,,,,,,,1.0,0.0
-1828383247140458364-2602210307-13,19539,2602210349,2602210350,4,,RE,MEX17,Pforzheim Hbf|Eutingen(Baden)|Niefern|Enzberg|Mühlacker|Mühlacker Rößlesweg|Illingen(Württ)|Vaihingen(Enz)|Sersheim|Sachsenheim|Ellental|Bietigheim-Bissingen,8000235,Ludwigsburg,Baden-Württemberg,Ludwigsburg,71638,9.185229823,48.89208622,3,2602210352,,2602210354,,h,2,Information,,,,,,,3.0,4.0
3204868192877518802-2602210303-2,7685,2602210305,2602210305,2,,S,S6,Weil der Stadt,8003831,Malmsheim,Baden-Württemberg,Renningen,71272,8.905105557,48.77183564,5,2602210308,,2602210309,,h,1,Bauarbeiten,,,,,,,3.0,4.0
-3224007522946951943-2602210312-16,7684,2602210354,2602210354,1,,S,S6,Stuttgart Schwabstr.|Stuttgart Feuersee|Stuttgart Stadtmitte|Stuttgart Hbf (tief)|Stuttgart Nordbahnhof|Stuttgart-Feuerbach|Stuttgart-Zuffenhausen|Neuwirtshaus(Porscheplatz)|Korntal|Weilimdorf|Ditzingen|Höfingen|Leonberg|Rutesheim|Renningen,8003831,Malmsheim,Baden-Württemberg,Renningen,71272,8.905105557,48.77183564,5,2602210354,,2602210354,,h,1,Bauarbeiten,,,,,,,0.0,0.0
1121323544050799580-2602210325-1,7485,,2602210325,,,S,S4,,8003853,Marbach (Neckar),Baden-Württemberg,Marbach am Neckar,71672,9.264611825,48.9437708,3,,,2602210327,,h,2,Störung,,,,,,,0.0,2.0
-1864538409290104383-2602210302-13,7482,2602210335,,1,,S,,Stuttgart Schwabstr.|Stuttgart Feuersee|Stuttgart Stadtmitte|Stuttgart Hbf (tief)|Stuttgart Nordbahnhof|Stuttgart-Feuerbach|Stuttgart-Zuffenhausen|Kornwestheim Pbf|Ludwigsburg|Favoritepark|Freiberg(Neckar)|Benningen(Neckar),8003853,Marbach (Neckar),Baden-Württemberg,Marbach am Neckar,71672,9.264611825,48.9437708,3,2602210335,2,,,h,2,Störung,,,,,,,0.0,0.0
5699756456223548979-2602210311-2,7385,2602210313,2602210314,1,,S,S3,Backnang,8003913,Maubach,Baden-Württemberg,Backnang,71522,9.419487062,48.92623463,4,2602210315,,2602210315,,,,,,,,,,,2.0,1.0
-2781297562256860594-2602210300-17,7384,2602210344,2602210345,2,,S,S3,Stuttgart-Vaihingen|Stuttgart-Österfeld|Stuttgart Universität|Stuttgart Schwabstr.|Stuttgart Feuersee|Stuttgart Stadtmitte|Stuttgart Hbf (tief)|Stuttgart-Bad Cannstatt|Stuttgart Nürnberger Str.|Stuttgart-Sommerrain|Fellbach|Waiblingen|Neustadt-Hohenacker|Schwaikheim|Winnenden|Nellmersbach,8003913,Maubach,Baden-Württemberg,Backnang,71522,9.419487062,48.92623463,4,2602210344,,2602210345,,,,,,,,,,,0.0,0.0
5699756456223548979-2602210311-3,7385,2602210316,2602210316,1,,S,S3,Backnang|Maubach,8004233,Nellmersbach,Baden-Württemberg,Leutenbach,71397,9.415421538,48.90336425,5,2602210317,,2602210318,,,,,,,,,,,1.0,2.0
-2781297562256860594-2602210300-16,7384,2602210341,2602210342,2,,S,S3,Stuttgart-Vaihingen|Stuttgart-Österfeld|Stuttgart Universität|Stuttgart Schwabstr.|Stuttgart Feuersee|Stuttgart Stadtmitte|Stuttgart Hbf (tief)|Stuttgart-Bad Cannstatt|Stuttgart Nürnberger Str.|Stuttgart-Sommerrain|Fellbach|Waiblingen|Neustadt-Hohenacker|Schwaikheim|Winnenden,8004233,Nellmersbach,Baden-Württemberg,Leutenbach,71397,9.415421538,48.90336425,5,2602210341,,2602210342,,,,,,,,,,,0.0,0.0
5699756456223548979-2602210311-6,7385,2602210325,2602210325,2,,S,S3,Backnang|Maubach|Nellmersbach|Winnenden|Schwaikheim,8004333,Neustadt-Hohenacker,Baden-Württemberg,Waiblingen,71336,9.32455106,48.85921668,5,2602210326,,2602210327,,,,,,,,,,,1.0,2.0
-2781297562256860594-2602210300-13,7384,2602210333,2602210333,1,,S,S3,Stuttgart-Vaihingen|Stuttgart-Österfeld|Stuttgart Universität|Stuttgart Schwabstr.|Stuttgart Feuersee|Stuttgart Stadtmitte|Stuttgart Hbf (tief)|Stuttgart-Bad Cannstatt|Stuttgart Nürnberger Str.|Stuttgart-Sommerrain|Fellbach|Waiblingen,8004333,Neustadt-Hohenacker,Baden-Württemberg,Waiblingen,71336,9.32455106,48.85921668,5,2602210333,,2602210333,,,,,,,,,,,0.0,0.0
3204868192877518802-2602210303-10,7685,2602210331,2602210331,1,,S,S6,Weil der Stadt|Malmsheim|Renningen|Rutesheim|Leonberg|Höfingen|Ditzingen|Weilimdorf|Korntal,8004338,Neuwirtshaus (Porscheplatz),Baden-Württemberg,Stuttgart,70435,9.151955614,48.83384734,4,2602210333,2,2602210334,2,h,1,Bauarbeiten,,,,,,,2.0,3.0
-3224007522946951943-2602210312-8,7684,2602210328,2602210328,1,,S,S6,Stuttgart Schwabstr.|Stuttgart Feuersee|Stuttgart Stadtmitte|Stuttgart Hbf (tief)|Stuttgart Nordbahnhof|Stuttgart-Feuerbach|Stuttgart-Zuffenhausen,8004338,Neuwirtshaus (Porscheplatz),Baden-Württemberg,Stuttgart,70435,9.151955614,48.83384734,4,2602210328,,2602210328,,h,1,Bauarbeiten,,,,,,,0.0,0.0
-5576050167750401346-2602210309-11,28219,2602210340,2602210340,1,,S,S61,Renningen|Renningen Süd|Magstadt|Maichingen Nord|Maichingen|Sindelfingen|Böblingen|Hulb|Ehningen(b Böblingen)|Gärtringen,8004490,Nufringen,Baden-Württemberg,Nufringen,71154,8.889817485,48.62010967,5,2602210340,,2602210340,,h,1,Bauarbeiten,,,,,,,0.0,0.0
7954974172343017114-2602210316-2,28216,2602210319,2602210319,2,,S,S61,Herrenberg,8004490,Nufringen,Baden-Württemberg,Nufringen,71154,8.889817485,48.62010967,5,2602210319,,2602210319,,h,1,Bauarbeiten,,,,,,,0.0,0.0
2339615914215213821-2602210303-5,7284,2602210315,2602210315,2,,S,S2,Filderstadt|Stuttgart Flughafen/Messe|Echterdingen|Leinfelden,8004496,Oberaichen,Baden-Württemberg,Leinfelden-Echterdingen,70771,9.12743664,48.70512422,5,2602210320,,2602210320,,,,,,,,,,,5.0,5.0
-1669766330763761732-2602210248-23,7287,2602210344,2602210344,1,,S,S2,Schorndorf|Weiler(Rems)|Winterbach(b Schorndorf)|Geradstetten|Grunbach|Beutelsbach|Endersbach|Stetten-Beinstein|Rommelshausen|Waiblingen|Fellbach|Stuttgart-Sommerrain|Stuttgart Nürnberger Str.|Stuttgart-Bad Cannstatt|Stuttgart Hbf (tief)|Stuttgart Stadtmitte|Stuttgart Feuersee|Stuttgart Schwabstr.|Stuttgart Universität|Stuttgart-Österfeld|Stuttgart-Vaihingen|Stuttgart-Rohr,8004496,Oberaichen,Baden-Württemberg,Leinfelden-Echterdingen,70771,9.12743664,48.70512422,5,2602210344,,2602210345,,,,,,,,,,,0.0,1.0
-5145545947946560730-2602210240-14,7184,2602210315,2602210315,4,,S,S1,Stuttgart-Vaihingen|Stuttgart-Österfeld|Stuttgart Universität|Stuttgart Schwabstr.|Stuttgart Feuersee|Stuttgart Stadtmitte|Stuttgart Hbf (tief)|Stuttgart-Bad Cannstatt|Stuttgart Neckarpark|Stuttgart-Untertürkheim|Stuttgart-Obertürkheim|Esslingen-Mettingen|Esslingen(Neckar),8004528,Oberesslingen,Baden-Württemberg,Esslingen am Neckar,73730,9.327277435,48.72983585,3,2602210315,,2602210315,,,,,,,,,,,0.0,0.0
4412994067832630612-2602210328-6,7187,2602210345,2602210345,3,,S,S1,Wendlingen(Neckar)|Wernau(Neckar)|Plochingen|Altbach|Esslingen-Zell,8004528,Oberesslingen,Baden-Württemberg,Esslingen am Neckar,73730,9.327277435,48.72983585,3,2602210345,,2602210345,,,,,,,,,,,0.0,0.0
24002771116129609-2602210317-13,19106,2602210357,2602210357,1,,ARV,MEX16,Geislingen(Steige)|Geislingen(Steige)West|Kuchen|Gingen(Fils)|Süßen|Salach|Eislingen(Fils)|Göppingen|Faurndau|Uhingen|Ebersbach(Fils)|Reichenbach(Fils),8000302,Plochingen,Baden-Württemberg,Plochingen,73207,9.411294578,48.71293906,2,2602210358,,2602210358,,,,,,,,,,,1.0,1.0
-7880402890343407508-2602210242-4,19105,2602210300,2602210300,4,,ARV,MEX16,Stuttgart Hbf|Stuttgart-Bad Cannstatt|Esslingen(Neckar),8000302,Plochingen,Baden-Württemberg,Plochingen,73207,9.411294578,48.71293906,2,2602210303,,2602210304,,,,,,,,,,,3.0,4.0
-5145545947946560730-2602210240-17,7184,2602210323,2602210325,10,,S,S1,Stuttgart-Vaihingen|Stuttgart-Österfeld|Stuttgart Universität|Stuttgart Schwabstr.|Stuttgart Feuersee|Stuttgart Stadtmitte|Stuttgart Hbf (tief)|Stuttgart-Bad Cannstatt|Stuttgart Neckarpark|Stuttgart-Untertürkheim|Stuttgart-Obertürkheim|Esslingen-Mettingen|Esslingen(Neckar)|Oberesslingen|Esslingen-Zell|Altbach,8000302,Plochingen,Baden-Württemberg,Plochingen,73207,9.411294578,48.71293906,2,2602210323,,2602210325,,,,,,,,,,,0.0,0.0
8478917472765819371-2602210304-8,19200,2602210345,2602210345,6,,RE,MEX12,Tübingen Hbf|Reutlingen Hbf|Metzingen(Württ)|Bempflingen|Nürtingen|Oberboihingen|Wendlingen(Neckar),8000302,Plochingen,Baden-Württemberg,Plochingen,73207,9.411294578,48.71293906,2,2602210345,10,2602210345,10,,,,,,,,,,0.0,0.0
4412994067832630612-2602210328-3,7187,2602210335,2602210337,9,,S,S1,Wendlingen(Neckar)|Wernau(Neckar),8000302,Plochingen,Baden-Württemberg,Plochingen,73207,9.411294578,48.71293906,2,2602210335,,2602210337,,,,,,,,,,,0.0,0.0
-5576050167750401346-2602210309-1,28219,,2602210309,,,S,S61,,8000313,Renningen,Baden-Württemberg,Renningen,71272,8.932650148,48.77515509,3,,,2602210311,,h,1,Bauarbeiten,,,,,,,0.0,2.0
3204868192877518802-2602210303-3,7685,2602210307,2602210311,2,,S,S6,Weil der Stadt|Malmsheim,8000313,Renningen,Baden-Württemberg,Renningen,71272,8.932650148,48.77515509,3,2602210311,,2602210311,,h,1,Bauarbeiten,,,,,,,4.0,0.0
-3224007522946951943-2602210312-15,7684,2602210349,2602210352,3,,S,S6,Stuttgart Schwabstr.|Stuttgart Feuersee|Stuttgart Stadtmitte|Stuttgart Hbf (tief)|Stuttgart Nordbahnhof|Stuttgart-Feuerbach|Stuttgart-Zuffenhausen|Neuwirtshaus(Porscheplatz)|Korntal|Weilimdorf|Ditzingen|Höfingen|Leonberg|Rutesheim,8000313,Renningen,Baden-Württemberg,Renningen,71272,8.932650148,48.77515509,3,2602210351,2,2602210352,2,h,1,Bauarbeiten,,,,,,,2.0,0.0
7954974172343017114-2602210316-12,28216,2602210350,,2,,S,,Herrenberg|Nufringen|Gärtringen|Ehningen(b Böblingen)|Hulb|Böblingen|Sindelfingen|Maichingen|Maichingen Nord|Magstadt|Renningen Süd,8000313,Renningen,Baden-Württemberg,Renningen,71272,8.932650148,48.77515509,3,2602210350,3,,,h,1,Bauarbeiten,,,,,,,0.0,0.0
2339615914215213821-2602210303-19,7284,2602210352,2602210352,1,,S,S2,Filderstadt|Stuttgart Flughafen/Messe|Echterdingen|Leinfelden|Oberaichen|Stuttgart-Rohr|Stuttgart-Vaihingen|Stuttgart-Österfeld|Stuttgart Universität|Stuttgart Schwabstr.|Stuttgart Feuersee|Stuttgart Stadtmitte|Stuttgart Hbf (tief)|Stuttgart-Bad Cannstatt|Stuttgart Nürnberger Str.|Stuttgart-Sommerrain|Fellbach|Waiblingen,8005157,Rommelshausen,Baden-Württemberg,Kernen,71394,9.319175885,48.81552017,4,2602210357,,2602210358,,,,,,,,,,,5.0,6.0
-1669766330763761732-2602210248-9,7287,2602210306,2602210307,2,,S,S2,Schorndorf|Weiler(Rems)|Winterbach(b Schorndorf)|Geradstetten|Grunbach|Beutelsbach|Endersbach|Stetten-Beinstein,8005157,Rommelshausen,Baden-Württemberg,Kernen,71394,9.319175885,48.81552017,4,2602210306,,2602210307,,,,,,,,,,,0.0,0.0
3204868192877518802-2602210303-4,7685,2602210313,2602210314,1,,S,S6,Weil der Stadt|Malmsheim|Renningen,8005236,Rutesheim,Baden-Württemberg,Leonberg,71229,8.960325242,48.79031093,5,2602210313,,2602210314,,h,1,Bauarbeiten,,,,,,,0.0,0.0
-3224007522946951943-2602210312-14,7684,2602210346,2602210346,2,,S,S6,Stuttgart Schwabstr.|Stuttgart Feuersee|Stuttgart Stadtmitte|Stuttgart Hbf (tief)|Stuttgart Nordbahnhof|Stuttgart-Feuerbach|Stuttgart-Zuffenhausen|Neuwirtshaus(Porscheplatz)|Korntal|Weilimdorf|Ditzingen|Höfingen|Leonberg,8005236,Rutesheim,Baden-Württemberg,Leonberg,71229,8.960325242,48.79031093,5,2602210348,,2602210348,,h,1,Bauarbeiten,,,,,,,2.0,2.0
-5971795153065126171-2602210203-27,7282,2602210310,,1,,S,,Filderstadt|Stuttgart Flughafen/Messe|Echterdingen|Leinfelden|Oberaichen|Stuttgart-Rohr|Stuttgart-Vaihingen|Stuttgart-Österfeld|Stuttgart Universität|Stuttgart Schwabstr.|Stuttgart Feuersee|Stuttgart Stadtmitte|Stuttgart Hbf (tief)|Stuttgart-Bad Cannstatt|Stuttgart Nürnberger Str.|Stuttgart-Sommerrain|Fellbach|Waiblingen|Rommelshausen|Stetten-Beinstein|Endersbach|Beutelsbach|Grunbach|Geradstetten|Winterbach(b Schorndorf)|Weiler(Rems),8005424,Schorndorf,Baden-Württemberg,Schorndorf,73614,9.525686251,48.80693898,3,2602210314,,,,,,,,,,,,,4.0,0.0
9222054265466378902-2602210320-4,19403,2602210343,2602210344,2,,ARV,MEX13,Stuttgart Hbf|Stuttgart-Bad Cannstatt|Waiblingen,8005424,Schorndorf,Baden-Württemberg,Schorndorf,73614,9.525686251,48.80693898,3,2602210343,,2602210344,,,,,,,,,,,0.0,0.0
2977947774779095515-2602210348-1,7289,,2602210348,,,S,S2,,8005424,Schorndorf,Baden-Württemberg,Schorndorf,73614,9.525686251,48.80693898,3,,,2602210348,,,,,,,,,,,0.0,0.0
4406898642278954393-2602210237-9,19402,2602210314,2602210314,3,,ARV,MEX13,Aalen Hbf|Mögglingen(Gmünd)|Böbingen(Rems)|Schwäbisch Gmünd|Lorch(Württ)|Waldhausen(b Schorndorf)|Plüderhausen|Urbach(b Schorndorf),8005424,Schorndorf,Baden-Württemberg,Schorndorf,73614,9.525686251,48.80693898,3,2602210314,,2602210314,,,,,,,,,,,0.0,0.0
5699756456223548979-2602210311-5,7385,2602210322,2602210323,1,,S,S3,Backnang|Maubach|Nellmersbach|Winnenden,8005454,Schwaikheim,Baden-Württemberg,Schwaikheim,71409,9.354747358,48.86832665,4,2602210324,,2602210324,,,,,,,,,,,2.0,1.0
-2781297562256860594-2602210300-14,7384,2602210336,2602210336,2,,S,S3,Stuttgart-Vaihingen|Stuttgart-Österfeld|Stuttgart Universität|Stuttgart Schwabstr.|Stuttgart Feuersee|Stuttgart Stadtmitte|Stuttgart Hbf (tief)|Stuttgart-Bad Cannstatt|Stuttgart Nürnberger Str.|Stuttgart-Sommerrain|Fellbach|Waiblingen|Neustadt-Hohenacker,8005454,Schwaikheim,Baden-Württemberg,Schwaikheim,71409,9.354747358,48.86832665,4,2602210336,,2602210336,,,,,,,,,,,0.0,0.0
-5576050167750401346-2602210309-6,28219,2602210322,2602210323,1,,S,S61,Renningen|Renningen Süd|Magstadt|Maichingen Nord|Maichingen,8005574,Sindelfingen,Baden-Württemberg,Sindelfingen,71063,8.999262079,48.70387346,6,2602210324,,2602210324,,h,1,Bauarbeiten,,,,,,,2.0,1.0
7954974172343017114-2602210316-7,28216,2602210337,2602210337,1,,S,S61,Herrenberg|Nufringen|Gärtringen|Ehningen(b Böblingen)|Hulb|Böblingen,8005574,Sindelfingen,Baden-Württemberg,Sindelfingen,71063,8.999262079,48.70387346,6,2602210337,,2602210337,,h,1,Bauarbeiten,,,,,,,0.0,0.0
2339615914215213821-2602210303-20,7284,2602210354,2602210354,1,,S,S2,Filderstadt|Stuttgart Flughafen/Messe|Echterdingen|Leinfelden|Oberaichen|Stuttgart-Rohr|Stuttgart-Vaihingen|Stuttgart-Österfeld|Stuttgart Universität|Stuttgart Schwabstr.|Stuttgart Feuersee|Stuttgart Stadtmitte|Stuttgart Hbf (tief)|Stuttgart-Bad Cannstatt|Stuttgart Nürnberger Str.|Stuttgart-Sommerrain|Fellbach|Waiblingen|Rommelshausen,8005726,Stetten-Beinstein,Baden-Württemberg,Weinstadt,71384,9.352769725,48.81199601,5,2602210400,,2602210400,,,,,,,,,,,6.0,6.0
-1669766330763761732-2602210248-8,7287,2602210304,2602210304,2,,S,S2,Schorndorf|Weiler(Rems)|Winterbach(b Schorndorf)|Geradstetten|Grunbach|Beutelsbach|Endersbach,8005726,Stetten-Beinstein,Baden-Württemberg,Weinstadt,71384,9.352769725,48.81199601,5,2602210304,,2602210304,,,,,,,,,,,0.0,0.0
9222054265466378902-2602210320-1,19403,,2602210320,,,ARV,MEX13,,8000096,Stuttgart Hbf,Baden-Württemberg,Stuttgart,70173,9.183172973,48.78473069,1,,,2602210320,,,,,,,,,,,0.0,0.0
-4197316340764410909-2602210311-9,19201,2602210355,2602210408,15,,RE,MEX12,Heilbronn Hbf|Nordheim(Württ)|Lauffen(Neckar)|Kirchheim(Neckar)|Walheim(Württ)|Besigheim|Bietigheim-Bissingen|Ludwigsburg,8000096,Stuttgart Hbf,Baden-Württemberg,Stuttgart,70173,9.183172973,48.78473069,1,2602210403,,2602210408,,,,,,,,,,,8.0,0.0
-3680974359523044069-2602210327-1,17505,,2602210327,,,RB,MEX19,,8000096,Stuttgart Hbf,Baden-Württemberg,Stuttgart,70173,9.183172973,48.78473069,1,,,2602210327,,h,2,Bauarbeiten,,,,,,,0.0,0.0
-3853709709212806878-2602210217-16,19104,2602210316,,4,,ARV,,Geislingen(Steige)|Geislingen(Steige)West|Kuchen|Gingen(Fils)|Süßen|Salach|Eislingen(Fils)|Göppingen|Faurndau|Uhingen|Ebersbach(Fils)|Reichenbach(Fils)|Plochingen|Esslingen(Neckar)|Stuttgart-Bad Cannstatt,8000096,Stuttgart Hbf,Baden-Württemberg,Stuttgart,70173,9.183172973,48.78473069,1,2602210320,,,,,,,,,,,,,4.0,0.0
4406898642278954393-2602210237-12,19402,2602210339,,2,,ARV,,Aalen Hbf|Mögglingen(Gmünd)|Böbingen(Rems)|Schwäbisch Gmünd|Lorch(Württ)|Waldhausen(b Schorndorf)|Plüderhausen|Urbach(b Schorndorf)|Schorndorf|Waiblingen|Stuttgart-Bad Cannstatt,8000096,Stuttgart Hbf,Baden-Württemberg,Stuttgart,70173,9.183172973,48.78473069,1,2602210339,,,,,,,,,,,,,0.0,0.0
2341795462491341556-2602210342-1,19107,,2602210342,,,ARV,MEX16,,8000096,Stuttgart Hbf,Baden-Württemberg,Stuttgart,70173,9.183172973,48.78473069,1,,,2602210344,,,,,,,,,,,0.0,2.0
-5145545947946560730-2602210240-9,7184,2602210302,2602210302,2,,S,S1,Stuttgart-Vaihingen|Stuttgart-Österfeld|Stuttgart Universität|Stuttgart Schwabstr.|Stuttgart Feuersee|Stuttgart Stadtmitte|Stuttgart Hbf (tief)|Stuttgart-Bad Cannstatt,8006743,Stuttgart Neckarpark,Baden-Württemberg,Stuttgart,70372,9.24106855,48.79194362,4,2602210302,,2602210302,,,,,,,,,,,0.0,0.0
4412994067832630612-2602210328-11,7187,2602210357,2602210357,1,,S,S1,Wendlingen(Neckar)|Wernau(Neckar)|Plochingen|Altbach|Esslingen-Zell|Oberesslingen|Esslingen(Neckar)|Esslingen-Mettingen|Stuttgart-Obertürkheim|Stuttgart-Untertürkheim,8006743,Stuttgart Neckarpark,Baden-Württemberg,Stuttgart,70372,9.24106855,48.79194362,4,2602210357,,2602210357,,,,,,,,,,,0.0,0.0
4891954304375744195-2602210322-5,7586,2602210331,2602210331,3,,S,S5,Stuttgart Schwabstr.|Stuttgart Feuersee|Stuttgart Stadtmitte|Stuttgart Hbf (tief),8005767,Stuttgart Nord,Baden-Württemberg,Stuttgard-Nord,70174,9.188061449,48.80374161,5,2602210331,,2602210332,,h,2,Störung,,,,,,,0.0,1.0
3204868192877518802-2602210303-13,7685,2602210338,2602210339,4,,S,S6,Weil der Stadt|Malmsheim|Renningen|Rutesheim|Leonberg|Höfingen|Ditzingen|Weilimdorf|Korntal|Neuwirtshaus(Porscheplatz)|Stuttgart-Zuffenhausen|Stuttgart-Feuerbach,8005767,Stuttgart Nord,Baden-Württemberg,Stuttgard-Nord,70174,9.188061449,48.80374161,5,2602210340,,2602210340,,h,1,Bauarbeiten,,,,,,,2.0,1.0
1121323544050799580-2602210325-9,7485,2602210348,2602210349,4,,S,S4,Marbach(Neckar)|Benningen(Neckar)|Freiberg(Neckar)|Favoritepark|Ludwigsburg|Kornwestheim Pbf|Stuttgart-Zuffenhausen|Stuttgart-Feuerbach,8005767,Stuttgart Nord,Baden-Württemberg,Stuttgard-Nord,70174,9.188061449,48.80374161,5,2602210349,,2602210350,,h,2,Störung,,,,,,,1.0,1.0
-3224007522946951943-2602210312-5,7684,2602210321,2602210321,3,,S,S6,Stuttgart Schwabstr.|Stuttgart Feuersee|Stuttgart Stadtmitte|Stuttgart Hbf (tief),8005767,Stuttgart Nord,Baden-Württemberg,Stuttgard-Nord,70174,9.188061449,48.80374161,5,2602210321,,2602210321,,h,1,Bauarbeiten,,,,,,,0.0,0.0
-7572214224253311572-2602210307-8,7585,2602210328,2602210329,4,,S,S5,Bietigheim-Bissingen|Tamm(Württ)|Asperg|Ludwigsburg|Kornwestheim Pbf|Stuttgart-Zuffenhausen|Stuttgart-Feuerbach,8005767,Stuttgart Nord,Baden-Württemberg,Stuttgard-Nord,70174,9.188061449,48.80374161,5,2602210328,,2602210329,,h,2,Störung,,,,,,,0.0,0.0
-1864538409290104383-2602210302-5,7482,2602210311,2602210311,3,,S,S4,Stuttgart Schwabstr.|Stuttgart Feuersee|Stuttgart Stadtmitte|Stuttgart Hbf (tief),8005767,Stuttgart Nord,Baden-Württemberg,Stuttgard-Nord,70174,9.188061449,48.80374161,5,2602210311,,2602210312,,h,2,Störung,,,,,,,0.0,1.0
5699756456223548979-2602210311-10,7385,2602210337,2602210338,1,,S,S3,Backnang|Maubach|Nellmersbach|Winnenden|Schwaikheim|Neustadt-Hohenacker|Waiblingen|Fellbach|Stuttgart-Sommerrain,8004357,Stuttgart Nürnberger Straße,Baden-Württemberg,Stuttgart,70374,9.234576905,48.80656062,5,2602210338,,2602210338,,,,,,,,,,,1.0,0.0
2339615914215213821-2602210303-15,7284,2602210342,2602210342,4,,S,S2,Filderstadt|Stuttgart Flughafen/Messe|Echterdingen|Leinfelden|Oberaichen|Stuttgart-Rohr|Stuttgart-Vaihingen|Stuttgart-Österfeld|Stuttgart Universität|Stuttgart Schwabstr.|Stuttgart Feuersee|Stuttgart Stadtmitte|Stuttgart Hbf (tief)|Stuttgart-Bad Cannstatt,8004357,Stuttgart Nürnberger Straße,Baden-Württemberg,Stuttgart,70374,9.234576905,48.80656062,5,2602210347,,2602210347,,,,,,,,,,,5.0,5.0
-1669766330763761732-2602210248-13,7287,2602210317,2602210318,1,,S,S2,Schorndorf|Weiler(Rems)|Winterbach(b Schorndorf)|Geradstetten|Grunbach|Beutelsbach|Endersbach|Stetten-Beinstein|Rommelshausen|Waiblingen|Fellbach|Stuttgart-Sommerrain,8004357,Stuttgart Nürnberger Straße,Baden-Württemberg,Stuttgart,70374,9.234576905,48.80656062,5,2602210317,,2602210318,,,,,,,,,,,0.0,0.0
-2781297562256860594-2602210300-9,7384,2602210322,2602210322,4,,S,S3,Stuttgart-Vaihingen|Stuttgart-Österfeld|Stuttgart Universität|Stuttgart Schwabstr.|Stuttgart Feuersee|Stuttgart Stadtmitte|Stuttgart Hbf (tief)|Stuttgart-Bad Cannstatt,8004357,Stuttgart Nürnberger Straße,Baden-Württemberg,Stuttgart,70374,9.234576905,48.80656062,5,2602210322,,2602210322,,,,,,,,,,,0.0,0.0
5699756456223548979-2602210311-17,7385,2602210357,2602210357,1,,S,S3,Backnang|Maubach|Nellmersbach|Winnenden|Schwaikheim|Neustadt-Hohenacker|Waiblingen|Fellbach|Stuttgart-Sommerrain|Stuttgart Nürnberger Str.|Stuttgart-Bad Cannstatt|Stuttgart Hbf (tief)|Stuttgart Stadtmitte|Stuttgart Feuersee|Stuttgart Schwabstr.|Stuttgart Universität,8005779,Stuttgart Österfeld,Baden-Württemberg,Stuttgart,70563,9.116751457,48.73749946,4,2602210358,,2602210358,,,,,,,,,,,1.0,1.0
8098353090775926828-2602210228-18,7185,2602210317,2602210317,1,,S,S1,Wendlingen(Neckar)|Wernau(Neckar)|Plochingen|Altbach|Esslingen-Zell|Oberesslingen|Esslingen(Neckar)|Esslingen-Mettingen|Stuttgart-Obertürkheim|Stuttgart-Untertürkheim|Stuttgart Neckarpark|Stuttgart-Bad Cannstatt|Stuttgart Hbf (tief)|Stuttgart Stadtmitte|Stuttgart Feuersee|Stuttgart Schwabstr.|Stuttgart Universität,8005779,Stuttgart Österfeld,Baden-Württemberg,Stuttgart,70563,9.116751457,48.73749946,4,2602210316,,2602210317,,,,,,,,,,,-1.0,0.0
2339615914215213821-2602210303-8,7284,2602210322,2602210322,2,,S,S2,Filderstadt|Stuttgart Flughafen/Messe|Echterdingen|Leinfelden|Oberaichen|Stuttgart-Rohr|Stuttgart-Vaihingen,8005779,Stuttgart Österfeld,Baden-Württemberg,Stuttgart,70563,9.116751457,48.73749946,4,2602210327,,2602210327,,,,,,,,,,,5.0,5.0
-1669766330763761732-2602210248-20,7287,2602210337,2602210337,1,,S,S2,Schorndorf|Weiler(Rems)|Winterbach(b Schorndorf)|Geradstetten|Grunbach|Beutelsbach|Endersbach|Stetten-Beinstein|Rommelshausen|Waiblingen|Fellbach|Stuttgart-Sommerrain|Stuttgart Nürnberger Str.|Stuttgart-Bad Cannstatt|Stuttgart Hbf (tief)|Stuttgart Stadtmitte|Stuttgart Feuersee|Stuttgart Schwabstr.|Stuttgart Universität,8005779,Stuttgart Österfeld,Baden-Württemberg,Stuttgart,70563,9.116751457,48.73749946,4,2602210338,,2602210338,,,,,,,,,,,1.0,1.0
-2781297562256860594-2602210300-2,7384,2602210302,2602210302,2,,S,S3,Stuttgart-Vaihingen,8005779,Stuttgart Österfeld,Baden-Württemberg,Stuttgart,70563,9.116751457,48.73749946,4,2602210302,,2602210302,,,,,,,,,,,0.0,0.0
-2559788636811730740-2602210340-2,7186,2602210342,2602210342,2,,S,S1,Stuttgart-Vaihingen,8005779,Stuttgart Österfeld,Baden-Württemberg,Stuttgart,70563,9.116751457,48.73749946,4,2602210342,,2602210342,,,,,,,,,,,0.0,0.0
5699756456223548979-2602210311-16,7385,2602210355,2602210355,1,,S,S3,Backnang|Maubach|Nellmersbach|Winnenden|Schwaikheim|Neustadt-Hohenacker|Waiblingen|Fellbach|Stuttgart-Sommerrain|Stuttgart Nürnberger Str.|Stuttgart-Bad Cannstatt|Stuttgart Hbf (tief)|Stuttgart Stadtmitte|Stuttgart Feuersee|Stuttgart Schwabstr.,8006513,Stuttgart Universität,Baden-Württemberg,Stuttgart,70569,9.105864214,48.74511762,4,2602210356,,2602210357,,,,,,,,,,,1.0,2.0
8098353090775926828-2602210228-17,7185,2602210315,2602210315,1,,S,S1,Wendlingen(Neckar)|Wernau(Neckar)|Plochingen|Altbach|Esslingen-Zell|Oberesslingen|Esslingen(Neckar)|Esslingen-Mettingen|Stuttgart-Obertürkheim|Stuttgart-Untertürkheim|Stuttgart Neckarpark|Stuttgart-Bad Cannstatt|Stuttgart Hbf (tief)|Stuttgart Stadtmitte|Stuttgart Feuersee|Stuttgart Schwabstr.,8006513,Stuttgart Universität,Baden-Württemberg,Stuttgart,70569,9.105864214,48.74511762,4,2602210315,,2602210315,,,,,,,,,,,0.0,0.0
2339615914215213821-2602210303-9,7284,2602210324,2602210324,2,,S,S2,Filderstadt|Stuttgart Flughafen/Messe|Echterdingen|Leinfelden|Oberaichen|Stuttgart-Rohr|Stuttgart-Vaihingen|Stuttgart-Österfeld,8006513,Stuttgart Universität,Baden-Württemberg,Stuttgart,70569,9.105864214,48.74511762,4,2602210328,,2602210329,,,,,,,,,,,4.0,5.0
-1669766330763761732-2602210248-19,7287,2602210335,2602210335,1,,S,S2,Schorndorf|Weiler(Rems)|Winterbach(b Schorndorf)|Geradstetten|Grunbach|Beutelsbach|Endersbach|Stetten-Beinstein|Rommelshausen|Waiblingen|Fellbach|Stuttgart-Sommerrain|Stuttgart Nürnberger Str.|Stuttgart-Bad Cannstatt|Stuttgart Hbf (tief)|Stuttgart Stadtmitte|Stuttgart Feuersee|Stuttgart Schwabstr.,8006513,Stuttgart Universität,Baden-Württemberg,Stuttgart,70569,9.105864214,48.74511762,4,2602210336,,2602210336,,,,,,,,,,,1.0,1.0
-2781297562256860594-2602210300-3,7384,2602210304,2602210304,2,,S,S3,Stuttgart-Vaihingen|Stuttgart-Österfeld,8006513,Stuttgart Universität,Baden-Württemberg,Stuttgart,70569,9.105864214,48.74511762,4,2602210304,,2602210304,,,,,,,,,,,0.0,0.0
-2559788636811730740-2602210340-3,7186,2602210344,2602210344,2,,S,S1,Stuttgart-Vaihingen|Stuttgart-Österfeld,8006513,Stuttgart Universität,Baden-Württemberg,Stuttgart,70569,9.105864214,48.74511762,4,2602210344,,2602210344,,,,,,,,,,,0.0,0.0
5699756456223548979-2602210311-11,7385,2602210340,2602210341,2,,S,S3,Backnang|Maubach|Nellmersbach|Winnenden|Schwaikheim|Neustadt-Hohenacker|Waiblingen|Fellbach|Stuttgart-Sommerrain|Stuttgart Nürnberger Str.,8005769,Stuttgart-Bad Cannstatt,Baden-Württemberg,Stuttgart,70372,9.217468636,48.80127978,3,2602210341,,2602210342,,,,,,,,,,,1.0,1.0
8478917472765819371-2602210304-10,19200,2602210359,2602210400,1,,RE,MEX12,Tübingen Hbf|Reutlingen Hbf|Metzingen(Württ)|Bempflingen|Nürtingen|Oberboihingen|Wendlingen(Neckar)|Plochingen|Esslingen(Neckar),8005769,Stuttgart-Bad Cannstatt,Baden-Württemberg,Stuttgart,70372,9.217468636,48.80127978,3,2602210402,,2602210404,,,,,,,,,,,3.0,4.0
9222054265466378902-2602210320-2,19403,2602210324,2602210325,7,,ARV,MEX13,Stuttgart Hbf,8005769,Stuttgart-Bad Cannstatt,Baden-Württemberg,Stuttgart,70372,9.217468636,48.80127978,3,2602210324,,2602210325,,,,,,,,,,,0.0,0.0
8098353090775926828-2602210228-12,7185,2602210300,2602210301,2,,S,S1,Wendlingen(Neckar)|Wernau(Neckar)|Plochingen|Altbach|Esslingen-Zell|Oberesslingen|Esslingen(Neckar)|Esslingen-Mettingen|Stuttgart-Obertürkheim|Stuttgart-Untertürkheim|Stuttgart Neckarpark,8005769,Stuttgart-Bad Cannstatt,Baden-Württemberg,Stuttgart,70372,9.217468636,48.80127978,3,2602210300,,2602210301,,,,,,,,,,,0.0,0.0
-3680974359523044069-2602210327-2,17505,2602210330,2602210331,4,,RB,MEX19,Stuttgart Hbf,8005769,Stuttgart-Bad Cannstatt,Baden-Württemberg,Stuttgart,70372,9.217468636,48.80127978,3,2602210331,,2602210331,,h,2,Bauarbeiten,,,,,,,1.0,0.0
-3853709709212806878-2602210217-15,19104,2602210312,2602210312,1,,ARV,MEX16,Geislingen(Steige)|Geislingen(Steige)West|Kuchen|Gingen(Fils)|Süßen|Salach|Eislingen(Fils)|Göppingen|Faurndau|Uhingen|Ebersbach(Fils)|Reichenbach(Fils)|Plochingen|Esslingen(Neckar),8005769,Stuttgart-Bad Cannstatt,Baden-Württemberg,Stuttgart,70372,9.217468636,48.80127978,3,2602210315,,2602210316,,,,,,,,,,,3.0,4.0
2339615914215213821-2602210303-14,7284,2602210339,2602210339,3,,S,S2,Filderstadt|Stuttgart Flughafen/Messe|Echterdingen|Leinfelden|Oberaichen|Stuttgart-Rohr|Stuttgart-Vaihingen|Stuttgart-Österfeld|Stuttgart Universität|Stuttgart Schwabstr.|Stuttgart Feuersee|Stuttgart Stadtmitte|Stuttgart Hbf (tief),8005769,Stuttgart-Bad Cannstatt,Baden-Württemberg,Stuttgart,70372,9.217468636,48.80127978,3,2602210344,,2602210345,,,,,,,,,,,5.0,6.0
-1669766330763761732-2602210248-14,7287,2602210320,2602210321,2,,S,S2,Schorndorf|Weiler(Rems)|Winterbach(b Schorndorf)|Geradstetten|Grunbach|Beutelsbach|Endersbach|Stetten-Beinstein|Rommelshausen|Waiblingen|Fellbach|Stuttgart-Sommerrain|Stuttgart Nürnberger Str.,8005769,Stuttgart-Bad Cannstatt,Baden-Württemberg,Stuttgart,70372,9.217468636,48.80127978,3,2602210321,,2602210322,,,,,,,,,,,1.0,1.0
-2781297562256860594-2602210300-8,7384,2602210319,2602210319,3,,S,S3,Stuttgart-Vaihingen|Stuttgart-Österfeld|Stuttgart Universität|Stuttgart Schwabstr.|Stuttgart Feuersee|Stuttgart Stadtmitte|Stuttgart Hbf (tief),8005769,Stuttgart-Bad Cannstatt,Baden-Württemberg,Stuttgart,70372,9.217468636,48.80127978,3,2602210319,,2602210319,,,,,,,,,,,0.0,0.0
-2559788636811730740-2602210340-8,7186,2602210359,2602210359,3,,S,S1,Stuttgart-Vaihingen|Stuttgart-Österfeld|Stuttgart Universität|Stuttgart Schwabstr.|Stuttgart Feuersee|Stuttgart Stadtmitte|Stuttgart Hbf (tief),8005769,Stuttgart-Bad Cannstatt,Baden-Württemberg,Stuttgart,70372,9.217468636,48.80127978,3,2602210359,,2602210359,,,,,,,,,,,0.0,0.0
4406898642278954393-2602210237-11,19402,2602210335,2602210335,1,,ARV,MEX13,Aalen Hbf|Mögglingen(Gmünd)|Böbingen(Rems)|Schwäbisch Gmünd|Lorch(Württ)|Waldhausen(b Schorndorf)|Plüderhausen|Urbach(b Schorndorf)|Schorndorf|Waiblingen,8005769,Stuttgart-Bad Cannstatt,Baden-Württemberg,Stuttgart,70372,9.217468636,48.80127978,3,2602210335,,2602210336,,,,,,,,,,,0.0,1.0
2341795462491341556-2602210342-2,19107,2602210345,2602210346,4,,ARV,MEX16,Stuttgart Hbf,8005769,Stuttgart-Bad Cannstatt,Baden-Württemberg,Stuttgart,70372,9.217468636,48.80127978,3,2602210348,,2602210349,,,,,,,,,,,3.0,3.0
4891954304375744195-2602210322-6,7586,2602210333,2602210334,2,,S,S5,Stuttgart Schwabstr.|Stuttgart Feuersee|Stuttgart Stadtmitte|Stuttgart Hbf (tief)|Stuttgart Nordbahnhof,8005770,Stuttgart-Feuerbach,Baden-Württemberg,Feuerbach,70469,9.169186287,48.81363554,3,2602210334,,2602210334,,h,2,Störung,,,,,,,1.0,0.0
3204868192877518802-2602210303-12,7685,2602210336,2602210336,1,,S,S6,Weil der Stadt|Malmsheim|Renningen|Rutesheim|Leonberg|Höfingen|Ditzingen|Weilimdorf|Korntal|Neuwirtshaus(Porscheplatz)|Stuttgart-Zuffenhausen,8005770,Stuttgart-Feuerbach,Baden-Württemberg,Feuerbach,70469,9.169186287,48.81363554,3,2602210338,,2602210338,,h,1,Bauarbeiten,,,,,,,2.0,2.0
1121323544050799580-2602210325-8,7485,2602210346,2602210346,1,,S,S4,Marbach(Neckar)|Benningen(Neckar)|Freiberg(Neckar)|Favoritepark|Ludwigsburg|Kornwestheim Pbf|Stuttgart-Zuffenhausen,8005770,Stuttgart-Feuerbach,Baden-Württemberg,Feuerbach,70469,9.169186287,48.81363554,3,2602210348,,2602210347,,h,2,Störung,,,,,,,2.0,1.0
-3224007522946951943-2602210312-6,7684,2602210323,2602210324,2,,S,S6,Stuttgart Schwabstr.|Stuttgart Feuersee|Stuttgart Stadtmitte|Stuttgart Hbf (tief)|Stuttgart Nordbahnhof,8005770,Stuttgart-Feuerbach,Baden-Württemberg,Feuerbach,70469,9.169186287,48.81363554,3,2602210323,,2602210324,,h,1,Bauarbeiten,,,,,,,0.0,0.0
-7572214224253311572-2602210307-7,7585,2602210326,2602210326,1,,S,S5,Bietigheim-Bissingen|Tamm(Württ)|Asperg|Ludwigsburg|Kornwestheim Pbf|Stuttgart-Zuffenhausen,8005770,Stuttgart-Feuerbach,Baden-Württemberg,Feuerbach,70469,9.169186287,48.81363554,3,2602210326,,2602210326,,h,2,Störung,,,,,,,0.0,0.0
-1864538409290104383-2602210302-6,7482,2602210313,2602210314,2,,S,S4,Stuttgart Schwabstr.|Stuttgart Feuersee|Stuttgart Stadtmitte|Stuttgart Hbf (tief)|Stuttgart Nordbahnhof,8005770,Stuttgart-Feuerbach,Baden-Württemberg,Feuerbach,70469,9.169186287,48.81363554,3,2602210313,,2602210314,,h,2,Störung,,,,,,,0.0,0.0
4891954304375744195-2602210322-2,7586,2602210324,2602210324,2,,S,S5,Stuttgart Schwabstr.,8006699,Stuttgart Feuersee,Baden-Württemberg,Stuttgart,70176,9.165850846,48.7726173,3,2602210324,,2602210324,,h,2,Störung,,,,,,,0.0,0.0
3204868192877518802-2602210303-16,7685,2602210346,2602210346,1,,S,S6,Weil der Stadt|Malmsheim|Renningen|Rutesheim|Leonberg|Höfingen|Ditzingen|Weilimdorf|Korntal|Neuwirtshaus(Porscheplatz)|Stuttgart-Zuffenhausen|Stuttgart-Feuerbach|Stuttgart Nordbahnhof|Stuttgart Hbf (tief)|Stuttgart Stadtmitte,8006699,Stuttgart Feuersee,Baden-Württemberg,Stuttgart,70176,9.165850846,48.7726173,3,2602210347,,2602210347,,h,1,Bauarbeiten,,,,,,,1.0,1.0
1121323544050799580-2602210325-12,7485,2602210356,2602210356,1,,S,S4,Marbach(Neckar)|Benningen(Neckar)|Freiberg(Neckar)|Favoritepark|Ludwigsburg|Kornwestheim Pbf|Stuttgart-Zuffenhausen|Stuttgart-Feuerbach|Stuttgart Nordbahnhof|Stuttgart Hbf (tief)|Stuttgart Stadtmitte,8006699,Stuttgart Feuersee,Baden-Württemberg,Stuttgart,70176,9.165850846,48.7726173,3,2602210356,,2602210356,,h,2,Störung,,,,,,,0.0,0.0
5699756456223548979-2602210311-14,7385,2602210348,2602210349,1,,S,S3,Backnang|Maubach|Nellmersbach|Winnenden|Schwaikheim|Neustadt-Hohenacker|Waiblingen|Fellbach|Stuttgart-Sommerrain|Stuttgart Nürnberger Str.|Stuttgart-Bad Cannstatt|Stuttgart Hbf (tief)|Stuttgart Stadtmitte,8006699,Stuttgart Feuersee,Baden-Württemberg,Stuttgart,70176,9.165850846,48.7726173,3,2602210350,,2602210350,,,,,,,,,,,2.0,1.0
-3224007522946951943-2602210312-2,7684,2602210314,2602210314,2,,S,S6,Stuttgart Schwabstr.,8006699,Stuttgart Feuersee,Baden-Württemberg,Stuttgart,70176,9.165850846,48.7726173,3,2602210314,,2602210314,,h,1,Bauarbeiten,,,,,,,0.0,0.0
8098353090775926828-2602210228-15,7185,2602210308,2602210309,1,,S,S1,Wendlingen(Neckar)|Wernau(Neckar)|Plochingen|Altbach|Esslingen-Zell|Oberesslingen|Esslingen(Neckar)|Esslingen-Mettingen|Stuttgart-Obertürkheim|Stuttgart-Untertürkheim|Stuttgart Neckarpark|Stuttgart-Bad Cannstatt|Stuttgart Hbf (tief)|Stuttgart Stadtmitte,8006699,Stuttgart Feuersee,Baden-Württemberg,Stuttgart,70176,9.165850846,48.7726173,3,2602210308,,2602210309,,,,,,,,,,,0.0,0.0
-7572214224253311572-2602210307-11,7585,2602210336,2602210336,1,,S,S5,Bietigheim-Bissingen|Tamm(Württ)|Asperg|Ludwigsburg|Kornwestheim Pbf|Stuttgart-Zuffenhausen|Stuttgart-Feuerbach|Stuttgart Nordbahnhof|Stuttgart Hbf (tief)|Stuttgart Stadtmitte,8006699,Stuttgart Feuersee,Baden-Württemberg,Stuttgart,70176,9.165850846,48.7726173,3,2602210336,,2602210336,,h,2,Störung,,,,,,,0.0,0.0
-1864538409290104383-2602210302-2,7482,2602210304,2602210304,2,,S,S4,Stuttgart Schwabstr.,8006699,Stuttgart Feuersee,Baden-Württemberg,Stuttgart,70176,9.165850846,48.7726173,3,2602210304,,2602210304,,h,2,Störung,,,,,,,0.0,0.0
2339615914215213821-2602210303-11,7284,2602210331,2602210332,2,,S,S2,Filderstadt|Stuttgart Flughafen/Messe|Echterdingen|Leinfelden|Oberaichen|Stuttgart-Rohr|Stuttgart-Vaihingen|Stuttgart-Österfeld|Stuttgart Universität|Stuttgart Schwabstr.,8006699,Stuttgart Feuersee,Baden-Württemberg,Stuttgart,70176,9.165850846,48.7726173,3,2602210336,,2602210336,,,,,,,,,,,5.0,4.0
-1669766330763761732-2602210248-17,7287,2602210328,2602210329,1,,S,S2,Schorndorf|Weiler(Rems)|Winterbach(b Schorndorf)|Geradstetten|Grunbach|Beutelsbach|Endersbach|Stetten-Beinstein|Rommelshausen|Waiblingen|Fellbach|Stuttgart-Sommerrain|Stuttgart Nürnberger Str.|Stuttgart-Bad Cannstatt|Stuttgart Hbf (tief)|Stuttgart Stadtmitte,8006699,Stuttgart Feuersee,Baden-Württemberg,Stuttgart,70176,9.165850846,48.7726173,3,2602210329,,2602210330,,,,,,,,,,,1.0,1.0
-2781297562256860594-2602210300-5,7384,2602210311,2602210312,2,,S,S3,Stuttgart-Vaihingen|Stuttgart-Österfeld|Stuttgart Universität|Stuttgart Schwabstr.,8006699,Stuttgart Feuersee,Baden-Württemberg,Stuttgart,70176,9.165850846,48.7726173,3,2602210311,,2602210312,,,,,,,,,,,0.0,0.0
-2559788636811730740-2602210340-5,7186,2602210351,2602210352,2,,S,S1,Stuttgart-Vaihingen|Stuttgart-Österfeld|Stuttgart Universität|Stuttgart Schwabstr.,8006699,Stuttgart Feuersee,Baden-Württemberg,Stuttgart,70176,9.165850846,48.7726173,3,2602210351,,2602210352,,,,,,,,,,,0.0,0.0
-5145545947946560730-2602210240-11,7184,2602210307,2602210307,6,,S,S1,Stuttgart-Vaihingen|Stuttgart-Österfeld|Stuttgart Universität|Stuttgart Schwabstr.|Stuttgart Feuersee|Stuttgart Stadtmitte|Stuttgart Hbf (tief)|Stuttgart-Bad Cannstatt|Stuttgart Neckarpark|Stuttgart-Untertürkheim,8005772,Stuttgart-Obertürkheim,Baden-Württemberg,Stuttgart,70329,9.268167932,48.76175015,4,2602210307,,2602210307,,,,,,,,,,,0.0,0.0
4412994067832630612-2602210328-9,7187,2602210352,2602210352,5,,S,S1,Wendlingen(Neckar)|Wernau(Neckar)|Plochingen|Altbach|Esslingen-Zell|Oberesslingen|Esslingen(Neckar)|Esslingen-Mettingen,8005772,Stuttgart-Obertürkheim,Baden-Württemberg,Stuttgart,70329,9.268167932,48.76175015,4,2602210352,,2602210353,,,,,,,,,,,0.0,1.0
2339615914215213821-2602210303-6,7284,2602210317,2602210318,3,,S,S2,Filderstadt|Stuttgart Flughafen/Messe|Echterdingen|Leinfelden|Oberaichen,8005773,Stuttgart-Rohr,Baden-Württemberg,Stuttgart,70565,9.108158025,48.71799427,4,2602210322,,2602210323,,,,,,,,,,,5.0,5.0
-1669766330763761732-2602210248-22,7287,2602210341,2602210342,2,,S,S2,Schorndorf|Weiler(Rems)|Winterbach(b Schorndorf)|Geradstetten|Grunbach|Beutelsbach|Endersbach|Stetten-Beinstein|Rommelshausen|Waiblingen|Fellbach|Stuttgart-Sommerrain|Stuttgart Nürnberger Str.|Stuttgart-Bad Cannstatt|Stuttgart Hbf (tief)|Stuttgart Stadtmitte|Stuttgart Feuersee|Stuttgart Schwabstr.|Stuttgart Universität|Stuttgart-Österfeld|Stuttgart-Vaihingen,8005773,Stuttgart-Rohr,Baden-Württemberg,Stuttgart,70565,9.108158025,48.71799427,4,2602210342,,2602210342,,,,,,,,,,,1.0,0.0
4891954304375744195-2602210322-1,7586,,2602210322,,,S,S5,,8006698,Stuttgart Schwabstraße,Baden-Württemberg,Stuttgart,70197,9.156496717,48.77013954,3,,,2602210322,,h,2,Störung,,,,,,,0.0,0.0
3204868192877518802-2602210303-17,7685,2602210348,,1,,S,,Weil der Stadt|Malmsheim|Renningen|Rutesheim|Leonberg|Höfingen|Ditzingen|Weilimdorf|Korntal|Neuwirtshaus(Porscheplatz)|Stuttgart-Zuffenhausen|Stuttgart-Feuerbach|Stuttgart Nordbahnhof|Stuttgart Hbf (tief)|Stuttgart Stadtmitte|Stuttgart Feuersee,8006698,Stuttgart Schwabstraße,Baden-Württemberg,Stuttgart,70197,9.156496717,48.77013954,3,2602210348,,,,h,1,Bauarbeiten,,,,,,,0.0,0.0
1121323544050799580-2602210325-13,7485,2602210358,,1,,S,,Marbach(Neckar)|Benningen(Neckar)|Freiberg(Neckar)|Favoritepark|Ludwigsburg|Kornwestheim Pbf|Stuttgart-Zuffenhausen|Stuttgart-Feuerbach|Stuttgart Nordbahnhof|Stuttgart Hbf (tief)|Stuttgart Stadtmitte|Stuttgart Feuersee,8006698,Stuttgart Schwabstraße,Baden-Württemberg,Stuttgart,70197,9.156496717,48.77013954,3,2602210358,,,,h,2,Störung,,,,,,,0.0,0.0
5699756456223548979-2602210311-15,7385,2602210350,2602210350,1,,S,S3,Backnang|Maubach|Nellmersbach|Winnenden|Schwaikheim|Neustadt-Hohenacker|Waiblingen|Fellbach|Stuttgart-Sommerrain|Stuttgart Nürnberger Str.|Stuttgart-Bad Cannstatt|Stuttgart Hbf (tief)|Stuttgart Stadtmitte|Stuttgart Feuersee,8006698,Stuttgart Schwabstraße,Baden-Württemberg,Stuttgart,70197,9.156496717,48.77013954,3,2602210352,,2602210352,,,,,,,,,,,2.0,2.0
-3224007522946951943-2602210312-1,7684,,2602210312,,,S,S6,,8006698,Stuttgart Schwabstraße,Baden-Württemberg,Stuttgart,70197,9.156496717,48.77013954,3,,,2602210313,,h,1,Bauarbeiten,,,,,,,0.0,1.0
8098353090775926828-2602210228-16,7185,2602210310,2602210310,1,,S,S1,Wendlingen(Neckar)|Wernau(Neckar)|Plochingen|Altbach|Esslingen-Zell|Oberesslingen|Esslingen(Neckar)|Esslingen-Mettingen|Stuttgart-Obertürkheim|Stuttgart-Untertürkheim|Stuttgart Neckarpark|Stuttgart-Bad Cannstatt|Stuttgart Hbf (tief)|Stuttgart Stadtmitte|Stuttgart Feuersee,8006698,Stuttgart Schwabstraße,Baden-Württemberg,Stuttgart,70197,9.156496717,48.77013954,3,2602210310,,2602210310,,,,,,,,,,,0.0,0.0
-7572214224253311572-2602210307-12,7585,2602210338,,1,,S,,Bietigheim-Bissingen|Tamm(Württ)|Asperg|Ludwigsburg|Kornwestheim Pbf|Stuttgart-Zuffenhausen|Stuttgart-Feuerbach|Stuttgart Nordbahnhof|Stuttgart Hbf (tief)|Stuttgart Stadtmitte|Stuttgart Feuersee,8006698,Stuttgart Schwabstraße,Baden-Württemberg,Stuttgart,70197,9.156496717,48.77013954,3,2602210338,,,,h,2,Störung,,,,,,,0.0,0.0
-1864538409290104383-2602210302-1,7482,,2602210302,,,S,S4,,8006698,Stuttgart Schwabstraße,Baden-Württemberg,Stuttgart,70197,9.156496717,48.77013954,3,,,2602210302,,h,2,Störung,,,,,,,0.0,0.0
2339615914215213821-2602210303-10,7284,2602210330,2602210330,2,,S,S2,Filderstadt|Stuttgart Flughafen/Messe|Echterdingen|Leinfelden|Oberaichen|Stuttgart-Rohr|Stuttgart-Vaihingen|Stuttgart-Österfeld|Stuttgart Universität,8006698,Stuttgart Schwabstraße,Baden-Württemberg,Stuttgart,70197,9.156496717,48.77013954,3,2602210334,,2602210335,,,,,,,,,,,4.0,5.0
-1669766330763761732-2602210248-18,7287,2602210330,2602210330,1,,S,S2,Schorndorf|Weiler(Rems)|Winterbach(b Schorndorf)|Geradstetten|Grunbach|Beutelsbach|Endersbach|Stetten-Beinstein|Rommelshausen|Waiblingen|Fellbach|Stuttgart-Sommerrain|Stuttgart Nürnberger Str.|Stuttgart-Bad Cannstatt|Stuttgart Hbf (tief)|Stuttgart Stadtmitte|Stuttgart Feuersee,8006698,Stuttgart Schwabstraße,Baden-Württemberg,Stuttgart,70197,9.156496717,48.77013954,3,2602210331,,2602210331,,,,,,,,,,,1.0,1.0
-2781297562256860594-2602210300-4,7384,2602210310,2602210310,2,,S,S3,Stuttgart-Vaihingen|Stuttgart-Österfeld|Stuttgart Universität,8006698,Stuttgart Schwabstraße,Baden-Württemberg,Stuttgart,70197,9.156496717,48.77013954,3,2602210310,,2602210310,,,,,,,,,,,0.0,0.0
-2559788636811730740-2602210340-4,7186,2602210350,2602210350,2,,S,S1,Stuttgart-Vaihingen|Stuttgart-Österfeld|Stuttgart Universität,8006698,Stuttgart Schwabstraße,Baden-Württemberg,Stuttgart,70197,9.156496717,48.77013954,3,2602210350,,2602210350,,,,,,,,,,,0.0,0.0
5699756456223548979-2602210311-9,7385,2602210335,2602210335,1,,S,S3,Backnang|Maubach|Nellmersbach|Winnenden|Schwaikheim|Neustadt-Hohenacker|Waiblingen|Fellbach,8005774,Stuttgart-Sommerrain,Baden-Württemberg,Stuttgart,70374,9.248369749,48.81521824,5,2602210335,,2602210336,,,,,,,,,,,0.0,1.0
2339615914215213821-2602210303-16,7284,2602210344,2602210344,4,,S,S2,Filderstadt|Stuttgart Flughafen/Messe|Echterdingen|Leinfelden|Oberaichen|Stuttgart-Rohr|Stuttgart-Vaihingen|Stuttgart-Österfeld|Stuttgart Universität|Stuttgart Schwabstr.|Stuttgart Feuersee|Stuttgart Stadtmitte|Stuttgart Hbf (tief)|Stuttgart-Bad Cannstatt|Stuttgart Nürnberger Str.,8005774,Stuttgart-Sommerrain,Baden-Württemberg,Stuttgart,70374,9.248369749,48.81521824,5,2602210349,,2602210350,,,,,,,,,,,5.0,6.0
-1669766330763761732-2602210248-12,7287,2602210315,2602210315,1,,S,S2,Schorndorf|Weiler(Rems)|Winterbach(b Schorndorf)|Geradstetten|Grunbach|Beutelsbach|Endersbach|Stetten-Beinstein|Rommelshausen|Waiblingen|Fellbach,8005774,Stuttgart-Sommerrain,Baden-Württemberg,Stuttgart,70374,9.248369749,48.81521824,5,2602210315,,2602210315,,,,,,,,,,,0.0,0.0
-2781297562256860594-2602210300-10,7384,2602210324,2602210324,4,,S,S3,Stuttgart-Vaihingen|Stuttgart-Österfeld|Stuttgart Universität|Stuttgart Schwabstr.|Stuttgart Feuersee|Stuttgart Stadtmitte|Stuttgart Hbf (tief)|Stuttgart-Bad Cannstatt|Stuttgart Nürnberger Str.,8005774,Stuttgart-Sommerrain,Baden-Württemberg,Stuttgart,70374,9.248369749,48.81521824,5,2602210324,,2602210324,,,,,,,,,,,0.0,0.0
4891954304375744195-2602210322-3,7586,2602210325,2602210326,2,,S,S5,Stuttgart Schwabstr.|Stuttgart Feuersee,8006700,Stuttgart Stadtmitte,Baden-Württemberg,Stuttgart,70173,9.173046906,48.77632953,3,2602210325,,2602210326,,h,2,Störung,,,,,,,0.0,0.0
3204868192877518802-2602210303-15,7685,2602210344,2602210345,1,,S,S6,Weil der Stadt|Malmsheim|Renningen|Rutesheim|Leonberg|Höfingen|Ditzingen|Weilimdorf|Korntal|Neuwirtshaus(Porscheplatz)|Stuttgart-Zuffenhausen|Stuttgart-Feuerbach|Stuttgart Nordbahnhof|Stuttgart Hbf (tief),8006700,Stuttgart Stadtmitte,Baden-Württemberg,Stuttgart,70173,9.173046906,48.77632953,3,2602210345,,2602210346,,h,1,Bauarbeiten,,,,,,,1.0,1.0
1121323544050799580-2602210325-11,7485,2602210354,2602210355,1,,S,S4,Marbach(Neckar)|Benningen(Neckar)|Freiberg(Neckar)|Favoritepark|Ludwigsburg|Kornwestheim Pbf|Stuttgart-Zuffenhausen|Stuttgart-Feuerbach|Stuttgart Nordbahnhof|Stuttgart Hbf (tief),8006700,Stuttgart Stadtmitte,Baden-Württemberg,Stuttgart,70173,9.173046906,48.77632953,3,2602210354,,2602210355,,h,2,Störung,,,,,,,0.0,0.0
5699756456223548979-2602210311-13,7385,2602210347,2602210347,1,,S,S3,Backnang|Maubach|Nellmersbach|Winnenden|Schwaikheim|Neustadt-Hohenacker|Waiblingen|Fellbach|Stuttgart-Sommerrain|Stuttgart Nürnberger Str.|Stuttgart-Bad Cannstatt|Stuttgart Hbf (tief),8006700,Stuttgart Stadtmitte,Baden-Württemberg,Stuttgart,70173,9.173046906,48.77632953,3,2602210348,,2602210349,,,,,,,,,,,1.0,2.0
-3224007522946951943-2602210312-3,7684,2602210315,2602210316,2,,S,S6,Stuttgart Schwabstr.|Stuttgart Feuersee,8006700,Stuttgart Stadtmitte,Baden-Württemberg,Stuttgart,70173,9.173046906,48.77632953,3,2602210315,,2602210316,,h,1,Bauarbeiten,,,,,,,0.0,0.0
8098353090775926828-2602210228-14,7185,2602210307,2602210307,1,,S,S1,Wendlingen(Neckar)|Wernau(Neckar)|Plochingen|Altbach|Esslingen-Zell|Oberesslingen|Esslingen(Neckar)|Esslingen-Mettingen|Stuttgart-Obertürkheim|Stuttgart-Untertürkheim|Stuttgart Neckarpark|Stuttgart-Bad Cannstatt|Stuttgart Hbf (tief),8006700,Stuttgart Stadtmitte,Baden-Württemberg,Stuttgart,70173,9.173046906,48.77632953,3,2602210307,,2602210307,,,,,,,,,,,0.0,0.0
-7572214224253311572-2602210307-10,7585,2602210334,2602210335,1,,S,S5,Bietigheim-Bissingen|Tamm(Württ)|Asperg|Ludwigsburg|Kornwestheim Pbf|Stuttgart-Zuffenhausen|Stuttgart-Feuerbach|Stuttgart Nordbahnhof|Stuttgart Hbf (tief),8006700,Stuttgart Stadtmitte,Baden-Württemberg,Stuttgart,70173,9.173046906,48.77632953,3,2602210334,,2602210335,,h,2,Störung,,,,,,,0.0,0.0
-1864538409290104383-2602210302-3,7482,2602210305,2602210306,2,,S,S4,Stuttgart Schwabstr.|Stuttgart Feuersee,8006700,Stuttgart Stadtmitte,Baden-Württemberg,Stuttgart,70173,9.173046906,48.77632953,3,2602210305,,2602210306,,h,2,Störung,,,,,,,0.0,0.0
2339615914215213821-2602210303-12,7284,2602210333,2602210333,2,,S,S2,Filderstadt|Stuttgart Flughafen/Messe|Echterdingen|Leinfelden|Oberaichen|Stuttgart-Rohr|Stuttgart-Vaihingen|Stuttgart-Österfeld|Stuttgart Universität|Stuttgart Schwabstr.|Stuttgart Feuersee,8006700,Stuttgart Stadtmitte,Baden-Württemberg,Stuttgart,70173,9.173046906,48.77632953,3,2602210337,,2602210338,,,,,,,,,,,4.0,5.0
-1669766330763761732-2602210248-16,7287,2602210327,2602210327,1,,S,S2,Schorndorf|Weiler(Rems)|Winterbach(b Schorndorf)|Geradstetten|Grunbach|Beutelsbach|Endersbach|Stetten-Beinstein|Rommelshausen|Waiblingen|Fellbach|Stuttgart-Sommerrain|Stuttgart Nürnberger Str.|Stuttgart-Bad Cannstatt|Stuttgart Hbf (tief),8006700,Stuttgart Stadtmitte,Baden-Württemberg,Stuttgart,70173,9.173046906,48.77632953,3,2602210327,,2602210328,,,,,,,,,,,0.0,1.0
-2781297562256860594-2602210300-6,7384,2602210313,2602210313,2,,S,S3,Stuttgart-Vaihingen|Stuttgart-Österfeld|Stuttgart Universität|Stuttgart Schwabstr.|Stuttgart Feuersee,8006700,Stuttgart Stadtmitte,Baden-Württemberg,Stuttgart,70173,9.173046906,48.77632953,3,2602210313,,2602210313,,,,,,,,,,,0.0,0.0
-2559788636811730740-2602210340-6,7186,2602210353,2602210353,2,,S,S1,Stuttgart-Vaihingen|Stuttgart-Österfeld|Stuttgart Universität|Stuttgart Schwabstr.|Stuttgart Feuersee,8006700,Stuttgart Stadtmitte,Baden-Württemberg,Stuttgart,70173,9.173046906,48.77632953,3,2602210353,,2602210353,,,,,,,,,,,0.0,0.0
-5145545947946560730-2602210240-10,7184,2602210304,2602210304,6,,S,S1,Stuttgart-Vaihingen|Stuttgart-Österfeld|Stuttgart Universität|Stuttgart Schwabstr.|Stuttgart Feuersee|Stuttgart Stadtmitte|Stuttgart Hbf (tief)|Stuttgart-Bad Cannstatt|Stuttgart Neckarpark,8005775,Stuttgart-Untertürkheim Pbf,Baden-Württemberg,Stuttgart,70327,9.250467074,48.77984679,3,2602210304,,2602210304,,,,,,,,,,,0.0,0.0
4412994067832630612-2602210328-10,7187,2602210355,2602210355,5,,S,S1,Wendlingen(Neckar)|Wernau(Neckar)|Plochingen|Altbach|Esslingen-Zell|Oberesslingen|Esslingen(Neckar)|Esslingen-Mettingen|Stuttgart-Obertürkheim,8005775,Stuttgart-Untertürkheim Pbf,Baden-Württemberg,Stuttgart,70327,9.250467074,48.77984679,3,2602210355,,2602210355,,,,,,,,,,,0.0,0.0
5699756456223548979-2602210311-18,7385,2602210359,2602210400,2,,S,S3,Backnang|Maubach|Nellmersbach|Winnenden|Schwaikheim|Neustadt-Hohenacker|Waiblingen|Fellbach|Stuttgart-Sommerrain|Stuttgart Nürnberger Str.|Stuttgart-Bad Cannstatt|Stuttgart Hbf (tief)|Stuttgart Stadtmitte|Stuttgart Feuersee|Stuttgart Schwabstr.|Stuttgart Universität|Stuttgart-Österfeld,8005776,Stuttgart-Vaihingen,Baden-Württemberg,Stuttgart,70563,9.113913368,48.72698116,3,2602210400,,2602210401,,,,,,,,,,,1.0,1.0
8098353090775926828-2602210228-19,7185,2602210319,,2,,S,,Wendlingen(Neckar)|Wernau(Neckar)|Plochingen|Altbach|Esslingen-Zell|Oberesslingen|Esslingen(Neckar)|Esslingen-Mettingen|Stuttgart-Obertürkheim|Stuttgart-Untertürkheim|Stuttgart Neckarpark|Stuttgart-Bad Cannstatt|Stuttgart Hbf (tief)|Stuttgart Stadtmitte|Stuttgart Feuersee|Stuttgart Schwabstr.|Stuttgart Universität|Stuttgart-Österfeld,8005776,Stuttgart-Vaihingen,Baden-Württemberg,Stuttgart,70563,9.113913368,48.72698116,3,2602210319,,,,,,,,,,,,,0.0,0.0
2339615914215213821-2602210303-7,7284,2602210320,2602210320,3,,S,S2,Filderstadt|Stuttgart Flughafen/Messe|Echterdingen|Leinfelden|Oberaichen|Stuttgart-Rohr,8005776,Stuttgart-Vaihingen,Baden-Württemberg,Stuttgart,70563,9.113913368,48.72698116,3,2602210324,,2602210325,,,,,,,,,,,4.0,5.0
-1669766330763761732-2602210248-21,7287,2602210339,2602210340,2,,S,S2,Schorndorf|Weiler(Rems)|Winterbach(b Schorndorf)|Geradstetten|Grunbach|Beutelsbach|Endersbach|Stetten-Beinstein|Rommelshausen|Waiblingen|Fellbach|Stuttgart-Sommerrain|Stuttgart Nürnberger Str.|Stuttgart-Bad Cannstatt|Stuttgart Hbf (tief)|Stuttgart Stadtmitte|Stuttgart Feuersee|Stuttgart Schwabstr.|Stuttgart Universität|Stuttgart-Österfeld,8005776,Stuttgart-Vaihingen,Baden-Württemberg,Stuttgart,70563,9.113913368,48.72698116,3,2602210340,,2602210340,,,,,,,,,,,1.0,0.0
-2781297562256860594-2602210300-1,7384,,2602210300,,,S,S3,,8005776,Stuttgart-Vaihingen,Baden-Württemberg,Stuttgart,70563,9.113913368,48.72698116,3,,,2602210300,,,,,,,,,,,0.0,0.0
-2559788636811730740-2602210340-1,7186,,2602210340,,,S,S1,,8005776,Stuttgart-Vaihingen,Baden-Württemberg,Stuttgart,70563,9.113913368,48.72698116,3,,,2602210340,,,,,,,,,,,0.0,0.0
3204868192877518802-2602210303-8,7685,2602210326,2602210326,1,,S,S6,Weil der Stadt|Malmsheim|Renningen|Rutesheim|Leonberg|Höfingen|Ditzingen,8006268,Stuttgart-Weilimdorf,Baden-Württemberg,Stuttgart,70499,9.094370086,48.82208429,5,2602210326,,2602210328,,h,1,Bauarbeiten,,,,,,,0.0,2.0
-3224007522946951943-2602210312-10,7684,2602210333,2602210333,1,,S,S6,Stuttgart Schwabstr.|Stuttgart Feuersee|Stuttgart Stadtmitte|Stuttgart Hbf (tief)|Stuttgart Nordbahnhof|Stuttgart-Feuerbach|Stuttgart-Zuffenhausen|Neuwirtshaus(Porscheplatz)|Korntal,8006268,Stuttgart-Weilimdorf,Baden-Württemberg,Stuttgart,70499,9.094370086,48.82208429,5,2602210335,,2602210335,,h,1,Bauarbeiten,,,,,,,2.0,2.0
4891954304375744195-2602210322-7,7586,2602210336,2602210337,4,,S,S5,Stuttgart Schwabstr.|Stuttgart Feuersee|Stuttgart Stadtmitte|Stuttgart Hbf (tief)|Stuttgart Nordbahnhof|Stuttgart-Feuerbach,8005778,Stuttgart-Zuffenhausen,Baden-Württemberg,Stuttgart,70435,9.167156375,48.82960884,3,2602210337,,2602210338,,h,2,Störung,,,,,,,1.0,1.0
3204868192877518802-2602210303-11,7685,2602210333,2602210334,12,,S,S6,Weil der Stadt|Malmsheim|Renningen|Rutesheim|Leonberg|Höfingen|Ditzingen|Weilimdorf|Korntal|Neuwirtshaus(Porscheplatz),8005778,Stuttgart-Zuffenhausen,Baden-Württemberg,Stuttgart,70435,9.167156375,48.82960884,3,2602210336,12,2602210335,12,h,1,Bauarbeiten,,,,,,,3.0,1.0
1121323544050799580-2602210325-7,7485,2602210343,2602210344,2,,S,S4,Marbach(Neckar)|Benningen(Neckar)|Freiberg(Neckar)|Favoritepark|Ludwigsburg|Kornwestheim Pbf,8005778,Stuttgart-Zuffenhausen,Baden-Württemberg,Stuttgart,70435,9.167156375,48.82960884,3,2602210345,,2602210345,,h,2,Störung,,,,,,,2.0,1.0
-3224007522946951943-2602210312-7,7684,2602210326,2602210327,11,,S,S6,Stuttgart Schwabstr.|Stuttgart Feuersee|Stuttgart Stadtmitte|Stuttgart Hbf (tief)|Stuttgart Nordbahnhof|Stuttgart-Feuerbach,8005778,Stuttgart-Zuffenhausen,Baden-Württemberg,Stuttgart,70435,9.167156375,48.82960884,3,2602210326,,2602210327,,h,1,Bauarbeiten,,,,,,,0.0,0.0
-7572214224253311572-2602210307-6,7585,2602210323,2602210324,2,,S,S5,Bietigheim-Bissingen|Tamm(Württ)|Asperg|Ludwigsburg|Kornwestheim Pbf,8005778,Stuttgart-Zuffenhausen,Baden-Württemberg,Stuttgart,70435,9.167156375,48.82960884,3,2602210323,,2602210324,,h,2,Störung,,,,,,,0.0,0.0
-1864538409290104383-2602210302-7,7482,2602210316,2602210317,4,,S,S4,Stuttgart Schwabstr.|Stuttgart Feuersee|Stuttgart Stadtmitte|Stuttgart Hbf (tief)|Stuttgart Nordbahnhof|Stuttgart-Feuerbach,8005778,Stuttgart-Zuffenhausen,Baden-Württemberg,Stuttgart,70435,9.167156375,48.82960884,3,2602210316,,2602210317,,h,2,Störung,,,,,,,0.0,0.0
4891954304375744195-2602210322-11,7586,2602210349,2602210350,3,,S,S5,Stuttgart Schwabstr.|Stuttgart Feuersee|Stuttgart Stadtmitte|Stuttgart Hbf (tief)|Stuttgart Nordbahnhof|Stuttgart-Feuerbach|Stuttgart-Zuffenhausen|Kornwestheim Pbf|Ludwigsburg|Asperg,8005820,Tamm (Württ),Baden-Württemberg,Tamm,71732,9.125288012,48.92187736,4,2602210351,,2602210351,,h,2,Störung,,,,,,,2.0,1.0
-7572214224253311572-2602210307-2,7585,2602210310,2602210310,2,,S,S5,Bietigheim-Bissingen,8005820,Tamm (Württ),Baden-Württemberg,Tamm,71732,9.125288012,48.92187736,4,2602210310,,2602210310,,h,2,Störung,,,,,,,0.0,0.0
5699756456223548979-2602210311-7,7385,2602210329,2602210330,1,,S,S3,Backnang|Maubach|Nellmersbach|Winnenden|Schwaikheim|Neustadt-Hohenacker,8000180,Waiblingen,Baden-Württemberg,Waiblingen,71332,9.300476874,48.8262444,3,2602210331,,2602210331,,,,,,,,,,,2.0,1.0
9222054265466378902-2602210320-3,19403,2602210332,2602210332,6,,ARV,MEX13,Stuttgart Hbf|Stuttgart-Bad Cannstatt,8000180,Waiblingen,Baden-Württemberg,Waiblingen,71332,9.300476874,48.8262444,3,2602210332,,2602210332,,,,,,,,,,,0.0,0.0
-3680974359523044069-2602210327-3,17505,2602210338,2602210338,3,,RB,MEX19,Stuttgart Hbf|Stuttgart-Bad Cannstatt,8000180,Waiblingen,Baden-Württemberg,Waiblingen,71332,9.300476874,48.8262444,3,2602210338,,2602210339,,h,2,Bauarbeiten,,,,,,,0.0,1.0
2339615914215213821-2602210303-18,7284,2602210349,2602210350,7,,S,S2,Filderstadt|Stuttgart Flughafen/Messe|Echterdingen|Leinfelden|Oberaichen|Stuttgart-Rohr|Stuttgart-Vaihingen|Stuttgart-Österfeld|Stuttgart Universität|Stuttgart Schwabstr.|Stuttgart Feuersee|Stuttgart Stadtmitte|Stuttgart Hbf (tief)|Stuttgart-Bad Cannstatt|Stuttgart Nürnberger Str.|Stuttgart-Sommerrain|Fellbach,8000180,Waiblingen,Baden-Württemberg,Waiblingen,71332,9.300476874,48.8262444,3,2602210355,,2602210355,,,,,,,,,,,6.0,5.0
-1669766330763761732-2602210248-10,7287,2602210309,2602210310,5,,S,S2,Schorndorf|Weiler(Rems)|Winterbach(b Schorndorf)|Geradstetten|Grunbach|Beutelsbach|Endersbach|Stetten-Beinstein|Rommelshausen,8000180,Waiblingen,Baden-Württemberg,Waiblingen,71332,9.300476874,48.8262444,3,2602210309,,2602210310,,,,,,,,,,,0.0,0.0
-2781297562256860594-2602210300-12,7384,2602210329,2602210330,3,,S,S3,Stuttgart-Vaihingen|Stuttgart-Österfeld|Stuttgart Universität|Stuttgart Schwabstr.|Stuttgart Feuersee|Stuttgart Stadtmitte|Stuttgart Hbf (tief)|Stuttgart-Bad Cannstatt|Stuttgart Nürnberger Str.|Stuttgart-Sommerrain|Fellbach,8000180,Waiblingen,Baden-Württemberg,Waiblingen,71332,9.300476874,48.8262444,3,2602210329,,2602210330,,,,,,,,,,,0.0,0.0
4406898642278954393-2602210237-10,19402,2602210328,2602210328,6,,ARV,MEX13,Aalen Hbf|Mögglingen(Gmünd)|Böbingen(Rems)|Schwäbisch Gmünd|Lorch(Württ)|Waldhausen(b Schorndorf)|Plüderhausen|Urbach(b Schorndorf)|Schorndorf,8000180,Waiblingen,Baden-Württemberg,Waiblingen,71332,9.300476874,48.8262444,3,2602210327,,2602210328,,,,,,,,,,,-1.0,0.0
3204868192877518802-2602210303-1,7685,,2602210303,,,S,S6,,8006271,Weil der Stadt,Baden-Württemberg,Weil der Stadt,71263,8.873189074,48.7557357,4,,,2602210303,2,h,1,Bauarbeiten,,,,,,,0.0,0.0
-3224007522946951943-2602210312-17,7684,2602210357,,1,,S,,Stuttgart Schwabstr.|Stuttgart Feuersee|Stuttgart Stadtmitte|Stuttgart Hbf (tief)|Stuttgart Nordbahnhof|Stuttgart-Feuerbach|Stuttgart-Zuffenhausen|Neuwirtshaus(Porscheplatz)|Korntal|Weilimdorf|Ditzingen|Höfingen|Leonberg|Rutesheim|Renningen|Malmsheim,8006271,Weil der Stadt,Baden-Württemberg,Weil der Stadt,71263,8.873189074,48.7557357,4,2602210357,,,,h,1,Bauarbeiten,,,,,,,0.0,0.0
-5971795153065126171-2602210203-26,7282,2602210307,2602210307,1,,S,S2,Filderstadt|Stuttgart Flughafen/Messe|Echterdingen|Leinfelden|Oberaichen|Stuttgart-Rohr|Stuttgart-Vaihingen|Stuttgart-Österfeld|Stuttgart Universität|Stuttgart Schwabstr.|Stuttgart Feuersee|Stuttgart Stadtmitte|Stuttgart Hbf (tief)|Stuttgart-Bad Cannstatt|Stuttgart Nürnberger Str.|Stuttgart-Sommerrain|Fellbach|Waiblingen|Rommelshausen|Stetten-Beinstein|Endersbach|Beutelsbach|Grunbach|Geradstetten|Winterbach(b Schorndorf),8006277,Weiler (Rems),Baden-Württemberg,Schorndorf,76314,9.501891172,48.80034585,5,2602210311,,2602210311,,,,,,,,,,,4.0,4.0
2977947774779095515-2602210348-2,7289,2602210351,2602210351,2,,S,S2,Schorndorf,8006277,Weiler (Rems),Baden-Württemberg,Schorndorf,76314,9.501891172,48.80034585,5,2602210351,,2602210351,,,,,,,,,,,0.0,0.0
-5145545947946560730-2602210240-19,7184,2602210332,,11,,S,,Stuttgart-Vaihingen|Stuttgart-Österfeld|Stuttgart Universität|Stuttgart Schwabstr.|Stuttgart Feuersee|Stuttgart Stadtmitte|Stuttgart Hbf (tief)|Stuttgart-Bad Cannstatt|Stuttgart Neckarpark|Stuttgart-Untertürkheim|Stuttgart-Obertürkheim|Esslingen-Mettingen|Esslingen(Neckar)|Oberesslingen|Esslingen-Zell|Altbach|Plochingen|Wernau(Neckar),8006331,Wendlingen (Neckar),Baden-Württemberg,Wendlingen am Neckar,73240,9.373662098,48.67368917,3,2602210333,12,,,,,,,,,,,,1.0,0.0
8478917472765819371-2602210304-7,19200,2602210338,2602210339,1,,RE,MEX12,Tübingen Hbf|Reutlingen Hbf|Metzingen(Württ)|Bempflingen|Nürtingen|Oberboihingen,8006331,Wendlingen (Neckar),Baden-Württemberg,Wendlingen am Neckar,73240,9.373662098,48.67368917,3,2602210338,,2602210339,,,,,,,,,,,0.0,0.0
4412994067832630612-2602210328-1,7187,,2602210328,,,S,S1,,8006331,Wendlingen (Neckar),Baden-Württemberg,Wendlingen am Neckar,73240,9.373662098,48.67368917,3,,,2602210328,,,,,,,,,,,0.0,0.0
-5145545947946560730-2602210240-18,7184,2602210328,2602210329,2,,S,S1,Stuttgart-Vaihingen|Stuttgart-Österfeld|Stuttgart Universität|Stuttgart Schwabstr.|Stuttgart Feuersee|Stuttgart Stadtmitte|Stuttgart Hbf (tief)|Stuttgart-Bad Cannstatt|Stuttgart Neckarpark|Stuttgart-Untertürkheim|Stuttgart-Obertürkheim|Esslingen-Mettingen|Esslingen(Neckar)|Oberesslingen|Esslingen-Zell|Altbach|Plochingen,8006346,Wernau (Neckar),Baden-Württemberg,Wernau (Neckar),73249,9.413654423,48.69417221,4,2602210328,,2602210329,,,,,,,,,,,0.0,0.0
4412994067832630612-2602210328-2,7187,2602210331,2602210331,1,,S,S1,Wendlingen(Neckar),8006346,Wernau (Neckar),Baden-Württemberg,Wernau (Neckar),73249,9.413654423,48.69417221,4,2602210331,,2602210331,,,,,,,,,,,0.0,0.0
5699756456223548979-2602210311-4,7385,2602210319,2602210320,3,,S,S3,Backnang|Maubach|Nellmersbach,8006479,Winnenden,Baden-Württemberg,Winnenden,71364,9.392155928,48.8795625,3,2602210321,,2602210321,,,,,,,,,,,2.0,1.0
-3680974359523044069-2602210327-4,17505,2602210344,2602210345,2,,RB,MEX19,Stuttgart Hbf|Stuttgart-Bad Cannstatt|Waiblingen,8006479,Winnenden,Baden-Württemberg,Winnenden,71364,9.392155928,48.8795625,3,2602210345,,2602210346,,h,2,Bauarbeiten,,,,,,,1.0,1.0
-2781297562256860594-2602210300-15,7384,2602210339,2602210339,2,,S,S3,Stuttgart-Vaihingen|Stuttgart-Österfeld|Stuttgart Universität|Stuttgart Schwabstr.|Stuttgart Feuersee|Stuttgart Stadtmitte|Stuttgart Hbf (tief)|Stuttgart-Bad Cannstatt|Stuttgart Nürnberger Str.|Stuttgart-Sommerrain|Fellbach|Waiblingen|Neustadt-Hohenacker|Schwaikheim,8006479,Winnenden,Baden-Württemberg,Winnenden,71364,9.392155928,48.8795625,3,2602210339,,2602210339,,,,,,,,,,,0.0,0.0
-5971795153065126171-2602210203-25,7282,2602210305,2602210305,2,,S,S2,Filderstadt|Stuttgart Flughafen/Messe|Echterdingen|Leinfelden|Oberaichen|Stuttgart-Rohr|Stuttgart-Vaihingen|Stuttgart-Österfeld|Stuttgart Universität|Stuttgart Schwabstr.|Stuttgart Feuersee|Stuttgart Stadtmitte|Stuttgart Hbf (tief)|Stuttgart-Bad Cannstatt|Stuttgart Nürnberger Str.|Stuttgart-Sommerrain|Fellbach|Waiblingen|Rommelshausen|Stetten-Beinstein|Endersbach|Beutelsbach|Grunbach|Geradstetten,8006485,Winterbach (b Schorndorf),Baden-Württemberg,Winterbach,73650,9.481549751,48.79842743,4,2602210309,,2602210310,,,,,,,,,,,4.0,5.0
2977947774779095515-2602210348-3,7289,2602210353,2602210353,1,,S,S2,Schorndorf|Weiler(Rems),8006485,Winterbach (b Schorndorf),Baden-Württemberg,Winterbach,73650,9.481549751,48.79842743,4,2602210353,,2602210353,,,,,,,,,,,0.0,0.0
-5576050167750401346-2602210309-3,28219,2602210315,2602210315,2,,S,S61,Renningen|Renningen Süd,8003807,Magstadt,Baden-Württemberg,Magstadt,71106,8.965315746,48.73616033,6,2602210317,,2602210317,,h,1,Bauarbeiten,,,,,,,2.0,2.0
7954974172343017114-2602210316-10,28216,2602210344,2602210344,1,,S,S61,Herrenberg|Nufringen|Gärtringen|Ehningen(b Böblingen)|Hulb|Böblingen|Sindelfingen|Maichingen|Maichingen Nord,8003807,Magstadt,Baden-Württemberg,Magstadt,71106,8.965315746,48.73616033,6,2602210344,,2602210344,,h,1,Bauarbeiten,,,,,,,0.0,0.0
-5576050167750401346-2602210309-4,28219,2602210317,2602210317,2,,S,S61,Renningen|Renningen Süd|Magstadt,8003834,Maichingen Nord,Baden-Württemberg,Sindelfingen,71069,8.979416996,48.72750392,5,2602210319,,2602210319,,h,1,Bauarbeiten,,,,,,,2.0,2.0
7954974172343017114-2602210316-9,28216,2602210341,2602210341,1,,S,S61,Herrenberg|Nufringen|Gärtringen|Ehningen(b Böblingen)|Hulb|Böblingen|Sindelfingen|Maichingen,8003834,Maichingen Nord,Baden-Württemberg,Sindelfingen,71069,8.979416996,48.72750392,5,2602210341,,2602210341,,h,1,Bauarbeiten,,,,,,,0.0,0.0
-5576050167750401346-2602210309-5,28219,2602210319,2602210319,1,,S,S61,Renningen|Renningen Süd|Magstadt|Maichingen Nord,8003808,Maichingen,Baden-Württemberg,Sindelfingen,71069,8.969606704,48.72162074,6,2602210321,,2602210321,,h,1,Bauarbeiten,,,,,,,2.0,2.0
7954974172343017114-2602210316-8,28216,2602210340,2602210340,1,,S,S61,Herrenberg|Nufringen|Gärtringen|Ehningen(b Böblingen)|Hulb|Böblingen|Sindelfingen,8003808,Maichingen,Baden-Württemberg,Sindelfingen,71069,8.969606704,48.72162074,6,2602210340,,2602210340,,h,1,Bauarbeiten,,,,,,,0.0,0.0
-5576050167750401346-2602210309-2,28219,2602210311,2602210311,2,,S,S61,Renningen,8005001,Renningen Süd,Baden-Württemberg,Renningen,71272,8.932068278,48.76261937,6,2602210313,,2602210313,,h,1,Bauarbeiten,,,,,,,2.0,2.0
7954974172343017114-2602210316-11,28216,2602210348,2602210348,1,,S,S61,Herrenberg|Nufringen|Gärtringen|Ehningen(b Böblingen)|Hulb|Böblingen|Sindelfingen|Maichingen|Maichingen Nord|Magstadt,8005001,Renningen Süd,Baden-Württemberg,Renningen,71272,8.932068278,48.76261937,6,2602210348,,2602210348,,h,1,Bauarbeiten,,,,,,,0.0,0.0
4891954304375744195-2602210322-4,7586,2602210327,2602210328,102,,S,S5,Stuttgart Schwabstr.|Stuttgart Feuersee|Stuttgart Stadtmitte,8098096,Stuttgart Hbf (tief),Baden-Württemberg,Stuttgart,70173,9.180228831,48.78338649,1,2602210327,,2602210328,,h,2,Störung,,,,,,,0.0,0.0
3204868192877518802-2602210303-14,7685,2602210342,2602210343,101,,S,S6,Weil der Stadt|Malmsheim|Renningen|Rutesheim|Leonberg|Höfingen|Ditzingen|Weilimdorf|Korntal|Neuwirtshaus(Porscheplatz)|Stuttgart-Zuffenhausen|Stuttgart-Feuerbach|Stuttgart Nordbahnhof,8098096,Stuttgart Hbf (tief),Baden-Württemberg,Stuttgart,70173,9.180228831,48.78338649,1,2602210343,,2602210344,,h,1,Bauarbeiten,,,,,,,1.0,1.0
1121323544050799580-2602210325-10,7485,2602210352,2602210353,101,,S,S4,Marbach(Neckar)|Benningen(Neckar)|Freiberg(Neckar)|Favoritepark|Ludwigsburg|Kornwestheim Pbf|Stuttgart-Zuffenhausen|Stuttgart-Feuerbach|Stuttgart Nordbahnhof,8098096,Stuttgart Hbf (tief),Baden-Württemberg,Stuttgart,70173,9.180228831,48.78338649,1,2602210352,,2602210353,,h,2,Störung,,,,,,,0.0,0.0
5699756456223548979-2602210311-12,7385,2602210345,2602210345,101,,S,S3,Backnang|Maubach|Nellmersbach|Winnenden|Schwaikheim|Neustadt-Hohenacker|Waiblingen|Fellbach|Stuttgart-Sommerrain|Stuttgart Nürnberger Str.|Stuttgart-Bad Cannstatt,8098096,Stuttgart Hbf (tief),Baden-Württemberg,Stuttgart,70173,9.180228831,48.78338649,1,2602210346,,2602210347,,,,,,,,,,,1.0,2.0
-3224007522946951943-2602210312-4,7684,2602210317,2602210318,102,,S,S6,Stuttgart Schwabstr.|Stuttgart Feuersee|Stuttgart Stadtmitte,8098096,Stuttgart Hbf (tief),Baden-Württemberg,Stuttgart,70173,9.180228831,48.78338649,1,2602210317,,2602210318,,h,1,Bauarbeiten,,,,,,,0.0,0.0
8098353090775926828-2602210228-13,7185,2602210305,2602210305,101,,S,S1,Wendlingen(Neckar)|Wernau(Neckar)|Plochingen|Altbach|Esslingen-Zell|Oberesslingen|Esslingen(Neckar)|Esslingen-Mettingen|Stuttgart-Obertürkheim|Stuttgart-Untertürkheim|Stuttgart Neckarpark|Stuttgart-Bad Cannstatt,8098096,Stuttgart Hbf (tief),Baden-Württemberg,Stuttgart,70173,9.180228831,48.78338649,1,2602210305,,2602210305,,,,,,,,,,,0.0,0.0
-7572214224253311572-2602210307-9,7585,2602210332,2602210333,101,,S,S5,Bietigheim-Bissingen|Tamm(Württ)|Asperg|Ludwigsburg|Kornwestheim Pbf|Stuttgart-Zuffenhausen|Stuttgart-Feuerbach|Stuttgart Nordbahnhof,8098096,Stuttgart Hbf (tief),Baden-Württemberg,Stuttgart,70173,9.180228831,48.78338649,1,2602210332,,2602210333,,h,2,Störung,,,,,,,0.0,0.0
-1864538409290104383-2602210302-4,7482,2602210307,2602210308,102,,S,S4,Stuttgart Schwabstr.|Stuttgart Feuersee|Stuttgart Stadtmitte,8098096,Stuttgart Hbf (tief),Baden-Württemberg,Stuttgart,70173,9.180228831,48.78338649,1,2602210308,,2602210308,,h,2,Störung,,,,,,,1.0,0.0
2339615914215213821-2602210303-13,7284,2602210335,2602210335,102,,S,S2,Filderstadt|Stuttgart Flughafen/Messe|Echterdingen|Leinfelden|Oberaichen|Stuttgart-Rohr|Stuttgart-Vaihingen|Stuttgart-Österfeld|Stuttgart Universität|Stuttgart Schwabstr.|Stuttgart Feuersee|Stuttgart Stadtmitte,8098096,Stuttgart Hbf (tief),Baden-Württemberg,Stuttgart,70173,9.180228831,48.78338649,1,2602210340,,2602210341,,,,,,,,,,,5.0,6.0
-1669766330763761732-2602210248-15,7287,2602210325,2602210325,101,,S,S2,Schorndorf|Weiler(Rems)|Winterbach(b Schorndorf)|Geradstetten|Grunbach|Beutelsbach|Endersbach|Stetten-Beinstein|Rommelshausen|Waiblingen|Fellbach|Stuttgart-Sommerrain|Stuttgart Nürnberger Str.|Stuttgart-Bad Cannstatt,8098096,Stuttgart Hbf (tief),Baden-Württemberg,Stuttgart,70173,9.180228831,48.78338649,1,2602210325,,2602210326,,,,,,,,,,,0.0,1.0
-2781297562256860594-2602210300-7,7384,2602210315,2602210315,102,,S,S3,Stuttgart-Vaihingen|Stuttgart-Österfeld|Stuttgart Universität|Stuttgart Schwabstr.|Stuttgart Feuersee|Stuttgart Stadtmitte,8098096,Stuttgart Hbf (tief),Baden-Württemberg,Stuttgart,70173,9.180228831,48.78338649,1,2602210315,,2602210315,,,,,,,,,,,0.0,0.0
-2559788636811730740-2602210340-7,7186,2602210355,2602210355,102,,S,S1,Stuttgart-Vaihingen|Stuttgart-Österfeld|Stuttgart Universität|Stuttgart Schwabstr.|Stuttgart Feuersee|Stuttgart Stadtmitte,8098096,Stuttgart Hbf (tief),Baden-Württemberg,Stuttgart,70173,9.180228831,48.78338649,1,2602210355,,2602210355,,,,,,,,,,,0.0,0.0
