ID,train_number,planned_arrival,planned_departure,planned_platform,planned_status,category_train,train,path,eva_nr,station_name,station_state,station_city,station_zipcode,station_long,station_lat,station_category,changed_arrival,changed_platform_arrival,changed_departure,changed_platform_departure,message_status,priority,info,arrival_hidden,departure_hidden,arrival_path,departure_path,arrival_status,departure_status,arrival_delay_m,departure_delay_m
6860077973327279202-2605271316-24,7136,2605271420,2605271420,4,,S,S1,Herrenberg|Nufringen|Gärtringen|Ehningen(b Böblingen)|Hulb|Böblingen|Goldberg(Württ)|Stuttgart-Rohr|Stuttgart-Vaihingen|Stuttgart-Österfeld|Stuttgart Universität|Stuttgart Schwabstr.|Stuttgart Feuersee|Stuttgart Stadtmitte|Stuttgart Hbf (tief)|Stuttgart-Bad Cannstatt|Stuttgart Neckarpark|Stuttgart-Untertürkheim|Stuttgart-Obertürkheim|Esslingen-Mettingen|Esslingen(Neckar)|Oberesslingen|Esslingen-Zell,8000508,Altbach,Baden-Württemberg,Altbach,73776,9.382434033,48.72031354,3,2605271420,,2605271421,,,,,,,,,,,0.0,1.0
6042905361873535715-2605271346-24,7138,2605271450,2605271450,4,,S,S1,Herrenberg|Nufringen|Gärtringen|Ehningen(b Böblingen)|Hulb|Böblingen|Goldberg(Württ)|Stuttgart-Rohr|Stuttgart-Vaihingen|Stuttgart-Österfeld|Stuttgart Universität|Stuttgart Schwabstr.|Stuttgart Feuersee|Stuttgart Stadtmitte|Stuttgart Hbf (tief)|Stuttgart-Bad Cannstatt|Stuttgart Neckarpark|Stuttgart-Untertürkheim|Stuttgart-Obertürkheim|Esslingen-Mettingen|Esslingen(Neckar)|Oberesslingen|Esslingen-Zell,8000508,Altbach,Baden-Württemberg,Altbach,73776,9.382434033,48.72031354,3,2605271500,,2605271500,,h,1,Störung,,,,,,,10.0,10.0
2445452608426707839-2605271304-20,7732,2605271405,2605271405,4,,S,S1,Herrenberg|Böblingen|Goldberg(Württ)|Stuttgart-Rohr|Stuttgart-Vaihingen|Stuttgart-Österfeld|Stuttgart Universität|Stuttgart Schwabstr.|Stuttgart Feuersee|Stuttgart Stadtmitte|Stuttgart Hbf (tief)|Stuttgart-Bad Cannstatt|Stuttgart Neckarpark|Stuttgart-Untertürkheim|Stuttgart-Obertürkheim|Esslingen-Mettingen|Esslingen(Neckar)|Oberesslingen|Esslingen-Zell,8000508,Altbach,Baden-Württemberg,Altbach,73776,9.382434033,48.72031354,3,2605271405,,2605271405,,,,,,,,,,,0.0,0.0
-1936486939046904827-2605271331-24,7734,2605271435,2605271435,4,,S,S1,Herrenberg|Nufringen|Gärtringen|Ehningen(b Böblingen)|Hulb|Böblingen|Goldberg(Württ)|Stuttgart-Rohr|Stuttgart-Vaihingen|Stuttgart-Österfeld|Stuttgart Universität|Stuttgart Schwabstr.|Stuttgart Feuersee|Stuttgart Stadtmitte|Stuttgart Hbf (tief)|Stuttgart-Bad Cannstatt|Stuttgart Neckarpark|Stuttgart-Untertürkheim|Stuttgart-Obertürkheim|Esslingen-Mettingen|Esslingen(Neckar)|Oberesslingen|Esslingen-Zell,8000508,Altbach,Baden-Württemberg,Altbach,73776,9.382434033,48.72031354,3,2605271455,,2605271456,,h,1,Störung,,,,,p,p,20.0,21.0
-3722178580889207774-2605271422-2,7741,2605271425,2605271425,3,,S,S1,Plochingen,8000508,Altbach,Baden-Württemberg,Altbach,73776,9.382434033,48.72031354,3,2605271426,,2605271427,,h,1,Störung,,,,,,,1.0,2.0
-7694665902753715495-2605271452-2,7743,2605271455,2605271455,3,,S,S1,Plochingen,8000508,Altbach,Baden-Württemberg,Altbach,73776,9.382434033,48.72031354,3,2605271512,,2605271513,,h,1,Störung,,,,,,,17.0,18.0
7236638317671658556-2605271420-6,7141,2605271440,2605271440,3,,S,S1,Kirchheim(Teck)|Kirchheim(Teck)-Ötlingen|Wendlingen(Neckar)|Wernau(Neckar)|Plochingen,8000508,Altbach,Baden-Württemberg,Altbach,73776,9.382434033,48.72031354,3,2605271440,,2605271440,,h,1,Störung,,,,,,,0.0,0.0
7004552740739658779-2605271350-6,7139,2605271410,2605271410,3,,S,S1,Kirchheim(Teck)|Kirchheim(Teck)-Ötlingen|Wendlingen(Neckar)|Wernau(Neckar)|Plochingen,8000508,Altbach,Baden-Württemberg,Altbach,73776,9.382434033,48.72031354,3,2605271412,,2605271412,,h,1,Störung,,,,,,,2.0,2.0
3367245875496540984-2605271452-3,28477,2605271457,2605271458,3,,S,S5,Bietigheim-Bissingen|Tamm(Württ),8000630,Asperg,Baden-Württemberg,Asperg,71679,9.147977466,48.90725609,4,2605271457,,2605271458,,h,1,Störung,,,,,,,0.0,0.0
-8228587515374315120-2605271352-10,7536,2605271417,2605271417,4,,S,S5,Stuttgart Schwabstr.|Stuttgart Feuersee|Stuttgart Stadtmitte|Stuttgart Hbf (tief)|Stuttgart Nordbahnhof|Stuttgart-Feuerbach|Stuttgart-Zuffenhausen|Kornwestheim Pbf|Ludwigsburg,8000630,Asperg,Baden-Württemberg,Asperg,71679,9.147977466,48.90725609,4,2605271417,,2605271417,,,,,,,,,,,0.0,0.0
-3085481889421354950-2605271337-10,28470,2605271402,2605271402,4,,S,S5,Stuttgart Schwabstr.|Stuttgart Feuersee|Stuttgart Stadtmitte|Stuttgart Hbf (tief)|Stuttgart Nordbahnhof|Stuttgart-Feuerbach|Stuttgart-Zuffenhausen|Kornwestheim Pbf|Ludwigsburg,8000630,Asperg,Baden-Württemberg,Asperg,71679,9.147977466,48.90725609,4,2605271402,,2605271402,,,,,,,,,,,0.0,0.0
7922855139158603560-2605271407-3,7539,2605271412,2605271413,3,,S,S5,Bietigheim-Bissingen|Tamm(Württ),8000630,Asperg,Baden-Württemberg,Asperg,71679,9.147977466,48.90725609,4,2605271413,,2605271413,,h,1,Störung,,,,,,,1.0,0.0
-2744660321086161380-2605271422-3,28475,2605271427,2605271428,3,,S,S5,Bietigheim-Bissingen|Tamm(Württ),8000630,Asperg,Baden-Württemberg,Asperg,71679,9.147977466,48.90725609,4,2605271428,,2605271428,,h,1,Störung,,,,,,,1.0,0.0
3829718457082671082-2605271437-3,7541,2605271442,2605271443,3,,S,S5,Bietigheim-Bissingen|Tamm(Württ),8000630,Asperg,Baden-Württemberg,Asperg,71679,9.147977466,48.90725609,4,2605271443,,2605271443,,h,1,Störung,,,,,,,1.0,0.0
5479979498154291155-2605271422-10,7538,2605271447,2605271447,4,,S,S5,Stuttgart Schwabstr.|Stuttgart Feuersee|Stuttgart Stadtmitte|Stuttgart Hbf (tief)|Stuttgart Nordbahnhof|Stuttgart-Feuerbach|Stuttgart-Zuffenhausen|Kornwestheim Pbf|Ludwigsburg,8000630,Asperg,Baden-Württemberg,Asperg,71679,9.147977466,48.90725609,4,2605271448,,2605271449,,h,1,Störung,,,,,,,1.0,2.0
5825878238612075562-2605271407-10,28472,2605271432,2605271432,4,,S,S5,Stuttgart Schwabstr.|Stuttgart Feuersee|Stuttgart Stadtmitte|Stuttgart Hbf (tief)|Stuttgart Nordbahnhof|Stuttgart-Feuerbach|Stuttgart-Zuffenhausen|Kornwestheim Pbf|Ludwigsburg,8000630,Asperg,Baden-Württemberg,Asperg,71679,9.147977466,48.90725609,4,2605271432,,2605271432,,h,1,Störung,,,,,,,0.0,0.0
-2341114142355291987-2605271315-18,28330,2605271403,,5,,S,,Stuttgart-Vaihingen|Stuttgart-Österfeld|Stuttgart Universität|Stuttgart Schwabstr.|Stuttgart Feuersee|Stuttgart Stadtmitte|Stuttgart Hbf (tief)|Stuttgart-Bad Cannstatt|Stuttgart Nürnberger Str.|Stuttgart-Sommerrain|Fellbach|Waiblingen|Neustadt-Hohenacker|Schwaikheim|Winnenden|Nellmersbach|Maubach,8000016,Backnang,Baden-Württemberg,Backnang,71522,9.425986107,48.94264844,3,2605271405,,,,,,,,,,,,,2.0,0.0
6554930112927852478-2605271411-1,7339,,2605271411,,,S,S3,,8000016,Backnang,Baden-Württemberg,Backnang,71522,9.425986107,48.94264844,3,,,2605271414,,h,1,Störung,,,,,,,0.0,3.0
8170145498793456279-2605271354-5,17531,2605271420,2605271421,4,,RE,MEX90,Stuttgart Hbf|Stuttgart-Bad Cannstatt|Waiblingen|Winnenden,8000016,Backnang,Baden-Württemberg,Backnang,71522,9.425986107,48.94264844,3,2605271421,,2605271422,,,,,,,,,,,1.0,1.0
-4213544138721587197-2605271345-18,28332,2605271433,,5,,S,,Stuttgart-Vaihingen|Stuttgart-Österfeld|Stuttgart Universität|Stuttgart Schwabstr.|Stuttgart Feuersee|Stuttgart Stadtmitte|Stuttgart Hbf (tief)|Stuttgart-Bad Cannstatt|Stuttgart Nürnberger Str.|Stuttgart-Sommerrain|Fellbach|Waiblingen|Neustadt-Hohenacker|Schwaikheim|Winnenden|Nellmersbach|Maubach,8000016,Backnang,Baden-Württemberg,Backnang,71522,9.425986107,48.94264844,3,2605271433,,,,,,,,,,,,,0.0,0.0
959092593719343738-2605271426-1,28335,,2605271426,,,S,S3,,8000016,Backnang,Baden-Württemberg,Backnang,71522,9.425986107,48.94264844,3,,,2605271426,,h,1,Störung,,,,,,,0.0,0.0
-7901739776993152202-2605271330-18,7334,2605271418,,5,,S,,Stuttgart-Vaihingen|Stuttgart-Österfeld|Stuttgart Universität|Stuttgart Schwabstr.|Stuttgart Feuersee|Stuttgart Stadtmitte|Stuttgart Hbf (tief)|Stuttgart-Bad Cannstatt|Stuttgart Nürnberger Str.|Stuttgart-Sommerrain|Fellbach|Waiblingen|Neustadt-Hohenacker|Schwaikheim|Winnenden|Nellmersbach|Maubach,8000016,Backnang,Baden-Württemberg,Backnang,71522,9.425986107,48.94264844,3,2605271419,,,,,,,,,,,,,1.0,0.0
7968101357330466259-2605271332-7,17536,2605271406,2605271407,4,,RB,MEX19,Gaildorf West|Fichtenberg|Fornsbach|Murrhardt|Sulzbach(Murr)|Oppenweiler(Württ),8000016,Backnang,Baden-Württemberg,Backnang,71522,9.425986107,48.94264844,3,2605271410,,2605271411,,,,,,,,,,,4.0,4.0
-4525949924591958884-2605271332-17,7432,2605271422,,1,,S,,Stuttgart Schwabstr.|Stuttgart Feuersee|Stuttgart Stadtmitte|Stuttgart Hbf (tief)|Stuttgart Nordbahnhof|Stuttgart-Feuerbach|Stuttgart-Zuffenhausen|Kornwestheim Pbf|Ludwigsburg|Favoritepark|Freiberg(Neckar)|Benningen(Neckar)|Marbach(Neckar)|Erdmannhausen|Kirchberg(Murr)|Burgstall(Murr),8000016,Backnang,Baden-Württemberg,Backnang,71522,9.425986107,48.94264844,3,2605271437,,,,,,,,,,,c,,15.0,0.0
-6549272114727686147-2605271403-1,7439,,2605271403,,,S,S4,,8000016,Backnang,Baden-Württemberg,Backnang,71522,9.425986107,48.94264844,3,,,2605271403,,h,1,Störung,,,,,,,0.0,0.0
-8962126915234620710-2605271441-1,7341,,2605271441,,,S,S3,,8000016,Backnang,Baden-Württemberg,Backnang,71522,9.425986107,48.94264844,3,,,2605271441,,h,1,Störung,,,,,,,0.0,0.0
195941745446539029-2605271433-1,7441,,2605271433,,,S,S4,,8000016,Backnang,Baden-Württemberg,Backnang,71522,9.425986107,48.94264844,3,,,2605271442,,h,1,Störung,,,,,,c,0.0,9.0
1310498941862652561-2605271402-17,7434,2605271452,,1,,S,,Stuttgart Schwabstr.|Stuttgart Feuersee|Stuttgart Stadtmitte|Stuttgart Hbf (tief)|Stuttgart Nordbahnhof|Stuttgart-Feuerbach|Stuttgart-Zuffenhausen|Kornwestheim Pbf|Ludwigsburg|Favoritepark|Freiberg(Neckar)|Benningen(Neckar)|Marbach(Neckar)|Erdmannhausen|Kirchberg(Murr)|Burgstall(Murr),8000016,Backnang,Baden-Württemberg,Backnang,71522,9.425986107,48.94264844,3,2605271512,,,,h,1,Störung,,,,,,,20.0,0.0
2656037465984484316-2605271426-5,17533,2605271451,2605271452,4,,RB,MEX19,Stuttgart Hbf|Stuttgart-Bad Cannstatt|Waiblingen|Winnenden,8000016,Backnang,Baden-Württemberg,Backnang,71522,9.425986107,48.94264844,3,2605271451,,2605271452,,,,,,,,,,,0.0,0.0
-8805988878202978923-2605271233-17,89686,2605271436,2605271437,4,,ARV,RE90,Nürnberg Hbf|Roßtal|Heilsbronn|Wicklesgreuth|Ansbach|Leutershausen-Wiedersbach|Dombühl|Schnelldorf|Crailsheim|Eckartshausen-Ilshofen|Schwäbisch Hall-Hessental|Gaildorf West|Fichtenberg|Murrhardt|Sulzbach(Murr)|Oppenweiler(Württ),8000016,Backnang,Baden-Württemberg,Backnang,71522,9.425986107,48.94264844,3,2605271436,,2605271437,,h,2,Information,,,,,,,0.0,0.0
-41822505101306185-2605271400-18,7336,2605271448,,5,,S,,Stuttgart-Vaihingen|Stuttgart-Österfeld|Stuttgart Universität|Stuttgart Schwabstr.|Stuttgart Feuersee|Stuttgart Stadtmitte|Stuttgart Hbf (tief)|Stuttgart-Bad Cannstatt|Stuttgart Nürnberger Str.|Stuttgart-Sommerrain|Fellbach|Waiblingen|Neustadt-Hohenacker|Schwaikheim|Winnenden|Nellmersbach|Maubach,8000016,Backnang,Baden-Württemberg,Backnang,71522,9.425986107,48.94264844,3,2605271449,,,,h,1,Störung,,,,,,,1.0,0.0
3920307406143195734-2605271456-1,28337,,2605271456,,,S,S3,,8000016,Backnang,Baden-Württemberg,Backnang,71522,9.425986107,48.94264844,3,,,2605271456,,h,1,Störung,,,,,,,0.0,0.0
-4819270473812152373-2605271417-12,28406,2605271447,2605271448,1,,S,S4,Stuttgart Schwabstr.|Stuttgart Feuersee|Stuttgart Stadtmitte|Stuttgart Hbf (tief)|Stuttgart Nordbahnhof|Stuttgart-Feuerbach|Stuttgart-Zuffenhausen|Kornwestheim Pbf|Ludwigsburg|Favoritepark|Freiberg(Neckar),8000873,Benningen (Neckar),Baden-Württemberg,Benningen am Neckar,71726,9.244299075,48.94379773,5,2605271500,,2605271501,,h,1,Störung,,,,,c,c,13.0,13.0
7531750134200071940-2605271347-12,28404,2605271417,2605271418,1,,S,S4,Stuttgart Schwabstr.|Stuttgart Feuersee|Stuttgart Stadtmitte|Stuttgart Hbf (tief)|Stuttgart Nordbahnhof|Stuttgart-Feuerbach|Stuttgart-Zuffenhausen|Kornwestheim Pbf|Ludwigsburg|Favoritepark|Freiberg(Neckar),8000873,Benningen (Neckar),Baden-Württemberg,Benningen am Neckar,71726,9.244299075,48.94379773,5,2605271418,,2605271418,,,,,,,,,,,1.0,0.0
-2716364704866871625-2605271410-2,28403,2605271412,2605271412,2,,S,S4,Marbach(Neckar),8000873,Benningen (Neckar),Baden-Württemberg,Benningen am Neckar,71726,9.244299075,48.94379773,5,2605271412,,2605271412,,h,1,Störung,,,,,,,0.0,0.0
-4525949924591958884-2605271332-12,7432,2605271402,2605271403,1,,S,S4,Stuttgart Schwabstr.|Stuttgart Feuersee|Stuttgart Stadtmitte|Stuttgart Hbf (tief)|Stuttgart Nordbahnhof|Stuttgart-Feuerbach|Stuttgart-Zuffenhausen|Kornwestheim Pbf|Ludwigsburg|Favoritepark|Freiberg(Neckar),8000873,Benningen (Neckar),Baden-Württemberg,Benningen am Neckar,71726,9.244299075,48.94379773,5,2605271402,,2605271403,,,,,,,,,,,0.0,0.0
-6549272114727686147-2605271403-6,7439,2605271427,2605271427,2,,S,S4,Backnang|Burgstall(Murr)|Kirchberg(Murr)|Erdmannhausen|Marbach(Neckar),8000873,Benningen (Neckar),Baden-Württemberg,Benningen am Neckar,71726,9.244299075,48.94379773,5,2605271441,,2605271441,,h,1,Störung,,,,,,,14.0,14.0
195941745446539029-2605271433-6,7441,2605271457,2605271457,2,,S,S4,Backnang|Burgstall(Murr)|Kirchberg(Murr)|Erdmannhausen|Marbach(Neckar),8000873,Benningen (Neckar),Baden-Württemberg,Benningen am Neckar,71726,9.244299075,48.94379773,5,2605271514,,2605271515,,h,1,Störung,,,,,,,17.0,18.0
-8102573765579059783-2605271440-2,28405,2605271442,2605271442,2,,S,S4,Marbach(Neckar),8000873,Benningen (Neckar),Baden-Württemberg,Benningen am Neckar,71726,9.244299075,48.94379773,5,2605271445,,2605271445,,h,1,Störung,,,,,,,3.0,3.0
1310498941862652561-2605271402-12,7434,2605271432,2605271433,1,,S,S4,Stuttgart Schwabstr.|Stuttgart Feuersee|Stuttgart Stadtmitte|Stuttgart Hbf (tief)|Stuttgart Nordbahnhof|Stuttgart-Feuerbach|Stuttgart-Zuffenhausen|Kornwestheim Pbf|Ludwigsburg|Favoritepark|Freiberg(Neckar),8000873,Benningen (Neckar),Baden-Württemberg,Benningen am Neckar,71726,9.244299075,48.94379773,5,2605271435,,2605271435,,h,1,Störung,,,,,,,3.0,2.0
-8630800119482065054-2605271433-6,7837,2605271445,2605271445,2,,S,S2,Schorndorf|Weiler(Rems)|Winterbach(b Schorndorf)|Geradstetten|Grunbach,8000934,Beutelsbach,Baden-Württemberg,Weinstadt,71384,9.38551589,48.81038925,5,2605271445,,2605271445,,h,1,Störung,,,,,,,0.0,0.0
-5065266161330824658-2605271348-22,7836,2605271443,2605271443,1,,S,S2,Filderstadt|Stuttgart Flughafen/Messe|Echterdingen|Leinfelden|Oberaichen|Stuttgart-Rohr|Stuttgart-Vaihingen|Stuttgart-Österfeld|Stuttgart Universität|Stuttgart Schwabstr.|Stuttgart Feuersee|Stuttgart Stadtmitte|Stuttgart Hbf (tief)|Stuttgart-Bad Cannstatt|Stuttgart Nürnberger Str.|Stuttgart-Sommerrain|Fellbach|Waiblingen|Rommelshausen|Stetten-Beinstein|Endersbach,8000934,Beutelsbach,Baden-Württemberg,Weinstadt,71384,9.38551589,48.81038925,5,2605271444,,2605271445,,h,1,Störung,,,,,,,1.0,2.0
-955797221433152779-2605271333-22,7234,2605271428,2605271428,1,,S,S2,Filderstadt|Stuttgart Flughafen/Messe|Echterdingen|Leinfelden|Oberaichen|Stuttgart-Rohr|Stuttgart-Vaihingen|Stuttgart-Österfeld|Stuttgart Universität|Stuttgart Schwabstr.|Stuttgart Feuersee|Stuttgart Stadtmitte|Stuttgart Hbf (tief)|Stuttgart-Bad Cannstatt|Stuttgart Nürnberger Str.|Stuttgart-Sommerrain|Fellbach|Waiblingen|Rommelshausen|Stetten-Beinstein|Endersbach,8000934,Beutelsbach,Baden-Württemberg,Weinstadt,71384,9.38551589,48.81038925,5,2605271430,,2605271431,,h,1,Störung,,,,,,,2.0,3.0
-5955272615429035569-2605271418-6,7241,2605271430,2605271430,2,,S,S2,Schorndorf|Weiler(Rems)|Winterbach(b Schorndorf)|Geradstetten|Grunbach,8000934,Beutelsbach,Baden-Württemberg,Weinstadt,71384,9.38551589,48.81038925,5,2605271431,,2605271431,,h,1,Störung,,,,,,,1.0,1.0
-8059892926335795903-2605271348-6,7239,2605271400,2605271400,2,,S,S2,Schorndorf|Weiler(Rems)|Winterbach(b Schorndorf)|Geradstetten|Grunbach,8000934,Beutelsbach,Baden-Württemberg,Weinstadt,71384,9.38551589,48.81038925,5,2605271400,,2605271400,,h,1,Störung,,,,,,,0.0,0.0
3892636712455777835-2605271318-22,7834,2605271413,2605271413,1,,S,S2,Filderstadt|Stuttgart Flughafen/Messe|Echterdingen|Leinfelden|Oberaichen|Stuttgart-Rohr|Stuttgart-Vaihingen|Stuttgart-Österfeld|Stuttgart Universität|Stuttgart Schwabstr.|Stuttgart Feuersee|Stuttgart Stadtmitte|Stuttgart Hbf (tief)|Stuttgart-Bad Cannstatt|Stuttgart Nürnberger Str.|Stuttgart-Sommerrain|Fellbach|Waiblingen|Rommelshausen|Stetten-Beinstein|Endersbach,8000934,Beutelsbach,Baden-Württemberg,Weinstadt,71384,9.38551589,48.81038925,5,2605271414,,2605271415,,,,,,,,,,,1.0,2.0
988265121258628834-2605271403-6,7835,2605271415,2605271415,2,,S,S2,Schorndorf|Weiler(Rems)|Winterbach(b Schorndorf)|Geradstetten|Grunbach,8000934,Beutelsbach,Baden-Württemberg,Weinstadt,71384,9.38551589,48.81038925,5,2605271416,,2605271417,,h,1,Störung,,,,,,,1.0,2.0
-7476481686954670934-2605271403-22,7236,2605271458,2605271458,1,,S,S2,Filderstadt|Stuttgart Flughafen/Messe|Echterdingen|Leinfelden|Oberaichen|Stuttgart-Rohr|Stuttgart-Vaihingen|Stuttgart-Österfeld|Stuttgart Universität|Stuttgart Schwabstr.|Stuttgart Feuersee|Stuttgart Stadtmitte|Stuttgart Hbf (tief)|Stuttgart-Bad Cannstatt|Stuttgart Nürnberger Str.|Stuttgart-Sommerrain|Fellbach|Waiblingen|Rommelshausen|Stetten-Beinstein|Endersbach,8000934,Beutelsbach,Baden-Württemberg,Weinstadt,71384,9.38551589,48.81038925,5,2605271505,,2605271506,,h,1,Störung,,,,,,,7.0,8.0
3367245875496540984-2605271452-1,28477,,2605271452,,,S,S5,,8000038,Bietigheim-Bissingen,Baden-Württemberg,Bietigheim-Bissingen,74321,9.137217396,48.94794988,2,,,2605271452,,h,1,Störung,,,,,,,0.0,0.0
-8228587515374315120-2605271352-12,7536,2605271424,,6,,S,,Stuttgart Schwabstr.|Stuttgart Feuersee|Stuttgart Stadtmitte|Stuttgart Hbf (tief)|Stuttgart Nordbahnhof|Stuttgart-Feuerbach|Stuttgart-Zuffenhausen|Kornwestheim Pbf|Ludwigsburg|Asperg|Tamm(Württ),8000038,Bietigheim-Bissingen,Baden-Württemberg,Bietigheim-Bissingen,74321,9.137217396,48.94794988,2,2605271424,,,,,,,,,,,,,0.0,0.0
-3085481889421354950-2605271337-12,28470,2605271409,,6,,S,,Stuttgart Schwabstr.|Stuttgart Feuersee|Stuttgart Stadtmitte|Stuttgart Hbf (tief)|Stuttgart Nordbahnhof|Stuttgart-Feuerbach|Stuttgart-Zuffenhausen|Kornwestheim Pbf|Ludwigsburg|Asperg|Tamm(Württ),8000038,Bietigheim-Bissingen,Baden-Württemberg,Bietigheim-Bissingen,74321,9.137217396,48.94794988,2,2605271409,,,,,,,,,,,,,0.0,0.0
7922855139158603560-2605271407-1,7539,,2605271407,,,S,S5,,8000038,Bietigheim-Bissingen,Baden-Württemberg,Bietigheim-Bissingen,74321,9.137217396,48.94794988,2,,,2605271407,,h,1,Störung,,,,,,,0.0,0.0
8007304093116335759-2605271233-11,19318,2605271359,2605271400,10,,RE,MEX18,Tübingen Hbf|Reutlingen Hbf|Metzingen(Württ)|Nürtingen|Wendlingen(Neckar)|Plochingen|Esslingen(Neckar)|Stuttgart-Bad Cannstatt|Stuttgart Hbf|Ludwigsburg,8000038,Bietigheim-Bissingen,Baden-Württemberg,Bietigheim-Bissingen,74321,9.137217396,48.94794988,2,2605271359,,2605271400,,h,2,Information,,,,,,,0.0,0.0
-8095692092161839757-2605271414-12,19521,2605271449,2605271450,4,,RE,MEX17,Pforzheim Hbf|Eutingen(Baden)|Niefern|Enzberg|Mühlacker|Mühlacker Rößlesweg|Illingen(Württ)|Vaihingen(Enz)|Sersheim|Sachsenheim|Ellental,8000038,Bietigheim-Bissingen,Baden-Württemberg,Bietigheim-Bissingen,74321,9.137217396,48.94794988,2,2605271457,,2605271458,,h,2,Information,,,,,,,8.0,8.0
9041915551886582391-2605271235-8,19069,2605271430,2605271432,8,,ARV,RE8,Würzburg Hbf|Lauda|Osterburken|Möckmühl|Bad Friedrichshall Hbf|Neckarsulm|Heilbronn Hbf,8000038,Bietigheim-Bissingen,Baden-Württemberg,Bietigheim-Bissingen,74321,9.137217396,48.94794988,2,2605271430,,2605271432,,,,,,,,,,,0.0,0.0
-9124401425401212347-2605271408-3,19072,2605271428,2605271429,10,,ARV,RE8,Stuttgart Hbf|Ludwigsburg,8000038,Bietigheim-Bissingen,Baden-Württemberg,Bietigheim-Bissingen,74321,9.137217396,48.94794988,2,2605271428,,2605271429,,,,,,,,,,,0.0,0.0
-2744660321086161380-2605271422-1,28475,,2605271422,,,S,S5,,8000038,Bietigheim-Bissingen,Baden-Württemberg,Bietigheim-Bissingen,74321,9.137217396,48.94794988,2,,,2605271422,,h,1,Störung,,,,,,,0.0,0.0
-5292522065650410408-2605271357-7,19227,2605271422,2605271424,8,,RE,MEX12,Heilbronn Hbf|Nordheim(Württ)|Lauffen(Neckar)|Kirchheim(Neckar)|Walheim(Württ)|Besigheim,8000038,Bietigheim-Bissingen,Baden-Württemberg,Bietigheim-Bissingen,74321,9.137217396,48.94794988,2,2605271422,,2605271426,,h,2,Information,,,,,,,0.0,2.0
-1379753854360117744-2605271432-1,19566,,2605271432,,,RE,MEX17,,8000038,Bietigheim-Bissingen,Baden-Württemberg,Bietigheim-Bissingen,74321,9.137217396,48.94794988,2,,,2605271432,,h,2,Information,,,,,,,0.0,0.0
1455511285002615373-2605271305-13,19232,2605271435,2605271436,10,,RE,MEX12,Tübingen Hbf|Reutlingen Hbf|Metzingen(Württ)|Bempflingen|Nürtingen|Oberboihingen|Wendlingen(Neckar)|Plochingen|Esslingen(Neckar)|Stuttgart-Bad Cannstatt|Stuttgart Hbf|Ludwigsburg,8000038,Bietigheim-Bissingen,Baden-Württemberg,Bietigheim-Bissingen,74321,9.137217396,48.94794988,2,2605271436,,2605271436,,h,2,Information,,,,,,,1.0,0.0
3829718457082671082-2605271437-1,7541,,2605271437,,,S,S5,,8000038,Bietigheim-Bissingen,Baden-Württemberg,Bietigheim-Bissingen,74321,9.137217396,48.94794988,2,,,2605271438,,h,1,Störung,,,,,,,0.0,1.0
8914375456636825927-2605271346-3,19516,2605271403,2605271404,7,,RE,MEX17,Stuttgart Hbf|Ludwigsburg,8000038,Bietigheim-Bissingen,Baden-Württemberg,Bietigheim-Bissingen,74321,9.137217396,48.94794988,2,2605271405,,2605271406,,h,2,Information,,,,,,,2.0,2.0
-4917151526577063441-2605271344-12,19559,2605271424,,7,,RE,,Pforzheim Hbf|Eutingen(Baden)|Niefern|Enzberg|Mühlacker|Mühlacker Rößlesweg|Illingen(Württ)|Vaihingen(Enz)|Sersheim|Sachsenheim|Ellental,8000038,Bietigheim-Bissingen,Baden-Württemberg,Bietigheim-Bissingen,74321,9.137217396,48.94794988,2,2605271425,,,,h,2,Information,,,,,,,1.0,0.0
-1544538779323315833-2605271333-11,19320,2605271459,2605271500,10,,RE,MEX18,Tübingen Hbf|Reutlingen Hbf|Metzingen(Württ)|Nürtingen|Wendlingen(Neckar)|Plochingen|Esslingen(Neckar)|Stuttgart-Bad Cannstatt|Stuttgart Hbf|Ludwigsburg,8000038,Bietigheim-Bissingen,Baden-Württemberg,Bietigheim-Bissingen,74321,9.137217396,48.94794988,2,2605271503,,2605271504,,h,2,Information,,,,,,,4.0,4.0
5479979498154291155-2605271422-12,7538,2605271454,,6,,S,,Stuttgart Schwabstr.|Stuttgart Feuersee|Stuttgart Stadtmitte|Stuttgart Hbf (tief)|Stuttgart Nordbahnhof|Stuttgart-Feuerbach|Stuttgart-Zuffenhausen|Kornwestheim Pbf|Ludwigsburg|Asperg|Tamm(Württ),8000038,Bietigheim-Bissingen,Baden-Württemberg,Bietigheim-Bissingen,74321,9.137217396,48.94794988,2,2605271455,,,,h,1,Störung,,,,,,,1.0,0.0
2537429730329656697-2605271336-20,19323,2605271455,2605271457,8,,RE,MEX18,Osterburken|Adelsheim Ost|Sennfeld|Roigheim|Möckmühl|Züttlingen|Siglingen|Neudenau|Herbolzheim(Jagst)|Untergriesheim|Bad Friedrichshall Hbf|Neckarsulm|Heilbronn Sülmertor|Heilbronn Hbf|Nordheim(Württ)|Lauffen(Neckar)|Kirchheim(Neckar)|Walheim(Württ)|Besigheim,8000038,Bietigheim-Bissingen,Baden-Württemberg,Bietigheim-Bissingen,74321,9.137217396,48.94794988,2,2605271456,,2605271457,,h,2,Information,,,,,,,1.0,0.0
5825878238612075562-2605271407-12,28472,2605271439,,6,,S,,Stuttgart Schwabstr.|Stuttgart Feuersee|Stuttgart Stadtmitte|Stuttgart Hbf (tief)|Stuttgart Nordbahnhof|Stuttgart-Feuerbach|Stuttgart-Zuffenhausen|Kornwestheim Pbf|Ludwigsburg|Asperg|Tamm(Württ),8000038,Bietigheim-Bissingen,Baden-Württemberg,Bietigheim-Bissingen,74321,9.137217396,48.94794988,2,2605271439,,,,h,1,Störung,,,,,,,0.0,0.0
1483937347162480380-2605271431-6,7738,2605271445,2605271445,3,,S,S1,Herrenberg|Nufringen|Gärtringen|Ehningen(b Böblingen)|Hulb,8001055,Böblingen,Baden-Württemberg,Böblingen,71034,9.004531864,48.68784871,3,2605271445,,2605271446,,h,1,Störung,,,,,,,0.0,1.0
-1478657606619347355-2605271352-20,7739,2605271444,2605271444,4,,S,S1,Plochingen|Altbach|Esslingen-Zell|Oberesslingen|Esslingen(Neckar)|Esslingen-Mettingen|Stuttgart-Obertürkheim|Stuttgart-Untertürkheim|Stuttgart Neckarpark|Stuttgart-Bad Cannstatt|Stuttgart Hbf (tief)|Stuttgart Stadtmitte|Stuttgart Feuersee|Stuttgart Schwabstr.|Stuttgart Universität|Stuttgart-Österfeld|Stuttgart-Vaihingen|Stuttgart-Rohr|Goldberg(Württ),8001055,Böblingen,Baden-Württemberg,Böblingen,71034,9.004531864,48.68784871,3,2605271458,,2605271459,,h,1,Störung,,,,,,,14.0,15.0
6042905361873535715-2605271346-6,7138,2605271400,2605271400,3,,S,S1,Herrenberg|Nufringen|Gärtringen|Ehningen(b Böblingen)|Hulb,8001055,Böblingen,Baden-Württemberg,Böblingen,71034,9.004531864,48.68784871,3,2605271407,,2605271408,,h,1,Störung,,,,,,,7.0,8.0
436949091827174438-2605271404-1,7037,,2605271404,,,S,S60,,8001055,Böblingen,Baden-Württemberg,Böblingen,71034,9.004531864,48.68784871,3,,,2605271404,,,,,,,,,,,0.0,0.0
5941834571298649161-2605271320-24,7137,2605271429,2605271429,4,,S,S1,Kirchheim(Teck)|Kirchheim(Teck)-Ötlingen|Wendlingen(Neckar)|Wernau(Neckar)|Plochingen|Altbach|Esslingen-Zell|Oberesslingen|Esslingen(Neckar)|Esslingen-Mettingen|Stuttgart-Obertürkheim|Stuttgart-Untertürkheim|Stuttgart Neckarpark|Stuttgart-Bad Cannstatt|Stuttgart Hbf (tief)|Stuttgart Stadtmitte|Stuttgart Feuersee|Stuttgart Schwabstr.|Stuttgart Universität|Stuttgart-Österfeld|Stuttgart-Vaihingen|Stuttgart-Rohr|Goldberg(Württ),8001055,Böblingen,Baden-Württemberg,Böblingen,71034,9.004531864,48.68784871,3,2605271507,3,2605271501,,h,1,Störung,,,Kirchheim(Teck)|Kirchheim(Teck)-Ötlingen|Wendlingen(Neckar)|Wernau(Neckar)|Plochingen|Altbach|Esslingen-Zell|Oberesslingen|Esslingen(Neckar)|Esslingen-Mettingen|Stuttgart-Obertürkheim|Stuttgart-Untertürkheim|Stuttgart Neckarpark|Stuttgart-Bad Cannstatt|Stuttgart Hbf (tief)|Stuttgart Stadtmitte|Stuttgart Feuersee|Stuttgart Schwabstr.|Stuttgart Universität|Stuttgart-Österfeld|Stuttgart-Vaihingen|Stuttgart-Rohr|Goldberg(Württ),Hulb|Ehningen(b Böblingen)|Gärtringen|Nufringen|Herrenberg,,c,38.0,32.0
4948280059783217587-2605271409-7,7038,2605271426,,5,,S,,Renningen|Renningen Süd|Magstadt|Maichingen Nord|Maichingen|Sindelfingen,8001055,Böblingen,Baden-Württemberg,Böblingen,71034,9.004531864,48.68784871,3,2605271429,,,,,,,,,,,,,3.0,0.0
6124338189544576683-2605271432-12,8117,2605271455,,1,,WEG,,Dettenhausen|Weil im Schönbuch Untere Halde|Weil im Schönbuch Röte|Weil im Schönbuch Troppel|Holzgerlingen Buch|Holzgerlingen Bf|Holzgerlingen Hülben|Böblingen Zimmerschlag|Böblingen Heusteigstr|Böblingen Südbf|Böblingen Danziger Str,8001055,Böblingen,Baden-Württemberg,Böblingen,71034,9.004531864,48.68784871,3,2605271456,,,,,,,,,,,,,1.0,0.0
-3700039788940994765-2605271435-1,8116,,2605271435,,,WEG,RB46,,8001055,Böblingen,Baden-Württemberg,Böblingen,71034,9.004531864,48.68784871,3,,,2605271435,,,,,,,,,,,0.0,0.0
-3863980698338033692-2605271405-1,8112,,2605271405,,,WEG,RB46,,8001055,Böblingen,Baden-Württemberg,Böblingen,71034,9.004531864,48.68784871,3,,,2605271405,,,,,,,,,,,0.0,0.0
4368264823792479342-2605271416-6,7140,2605271430,2605271430,3,,S,S1,Herrenberg|Nufringen|Gärtringen|Ehningen(b Böblingen)|Hulb,8001055,Böblingen,Baden-Württemberg,Böblingen,71034,9.004531864,48.68784871,3,2605271430,,2605271431,,h,1,Störung,,,,,,,0.0,1.0
-9052911467079737852-2605271427-2,2383,2605271448,2605271450,5,,IC,,Stuttgart Hbf,8001055,Böblingen,Baden-Württemberg,Böblingen,71034,9.004531864,48.68784871,3,2605271452,,2605271454,,h,1,Information,,,,,,,4.0,4.0
4349633890388831698-2605271402-12,8113,2605271425,,1,,WEG,,Dettenhausen|Weil im Schönbuch Untere Halde|Weil im Schönbuch Röte|Weil im Schönbuch Troppel|Holzgerlingen Buch|Holzgerlingen Bf|Holzgerlingen Hülben|Böblingen Zimmerschlag|Böblingen Heusteigstr|Böblingen Südbf|Böblingen Danziger Str,8001055,Böblingen,Baden-Württemberg,Böblingen,71034,9.004531864,48.68784871,3,2605271425,,,,,,,,,,,,,0.0,0.0
6975060148484130926-2605271322-20,7737,2605271414,2605271414,4,,S,S1,Plochingen|Altbach|Esslingen-Zell|Oberesslingen|Esslingen(Neckar)|Esslingen-Mettingen|Stuttgart-Obertürkheim|Stuttgart-Untertürkheim|Stuttgart Neckarpark|Stuttgart-Bad Cannstatt|Stuttgart Hbf (tief)|Stuttgart Stadtmitte|Stuttgart Feuersee|Stuttgart Schwabstr.|Stuttgart Universität|Stuttgart-Österfeld|Stuttgart-Vaihingen|Stuttgart-Rohr|Goldberg(Württ),8001055,Böblingen,Baden-Württemberg,Böblingen,71034,9.004531864,48.68784871,3,2605271415,,2605271416,,h,1,Störung,,,,,,,1.0,2.0
-3747023062711209303-2605271434-1,7039,,2605271434,,,S,S60,,8001055,Böblingen,Baden-Württemberg,Böblingen,71034,9.004531864,48.68784871,3,,,2605271434,,,,,,,,,,,0.0,0.0
741299647555358187-2605271418-2,17645,2605271438,2605271439,5,,RE,RE14b,Stuttgart Hbf,8001055,Böblingen,Baden-Württemberg,Böblingen,71034,9.004531864,48.68784871,3,2605271441,,2605271443,,,,,,,,,,,3.0,4.0
-1448566218874371491-2605271401-6,7736,2605271415,2605271415,3,,S,S1,Herrenberg|Nufringen|Gärtringen|Ehningen(b Böblingen)|Hulb,8001055,Böblingen,Baden-Württemberg,Böblingen,71034,9.004531864,48.68784871,3,2605271415,,2605271416,,h,1,Störung,,,,,,,0.0,1.0
-1906058467950325249-2605271418-2,17647,2605271438,2605271439,5,,RE,RE14a,Stuttgart Hbf,8001055,Böblingen,Baden-Württemberg,Böblingen,71034,9.004531864,48.68784871,3,2605271441,,2605271443,,,,,,,,,,,3.0,4.0
-1423905355620272793-2605271137-14,488,2605271421,2605271422,2,,IC,,Zürich HB|Schaffhausen|Singen(Hohentwiel)|Engen|Tuttlingen|Spaichingen|Rottweil|Oberndorf(Neckar)|Sulz(Neckar)|Horb|Bondorf(b Herrenberg)|Gäufelden|Herrenberg,8001055,Böblingen,Baden-Württemberg,Böblingen,71034,9.004531864,48.68784871,3,2605271438,,2605271440,,h,1,Information,,,,,c,c,17.0,18.0
1943236977660444610-2605271235-12,50488,2605271421,2605271422,2,,RE,IC87,Singen(Hohentwiel)|Engen|Tuttlingen|Spaichingen|Rottweil|Oberndorf(Neckar)|Sulz(Neckar)|Horb|Bondorf(b Herrenberg)|Gäufelden|Herrenberg,8001055,Böblingen,Baden-Württemberg,Böblingen,71034,9.004531864,48.68784871,3,2605271438,,2605271440,,h,1,Information,,,,,c,c,17.0,18.0
7004552740739658779-2605271350-24,7139,2605271459,2605271459,4,,S,S1,Kirchheim(Teck)|Kirchheim(Teck)-Ötlingen|Wendlingen(Neckar)|Wernau(Neckar)|Plochingen|Altbach|Esslingen-Zell|Oberesslingen|Esslingen(Neckar)|Esslingen-Mettingen|Stuttgart-Obertürkheim|Stuttgart-Untertürkheim|Stuttgart Neckarpark|Stuttgart-Bad Cannstatt|Stuttgart Hbf (tief)|Stuttgart Stadtmitte|Stuttgart Feuersee|Stuttgart Schwabstr.|Stuttgart Universität|Stuttgart-Österfeld|Stuttgart-Vaihingen|Stuttgart-Rohr|Goldberg(Württ),8001055,Böblingen,Baden-Württemberg,Böblingen,71034,9.004531864,48.68784871,3,2605271514,,2605271514,,h,1,Störung,,,,,,,15.0,15.0
4237730382828493151-2605271439-7,7040,2605271456,,5,,S,,Renningen|Renningen Süd|Magstadt|Maichingen Nord|Maichingen|Sindelfingen,8001055,Böblingen,Baden-Württemberg,Böblingen,71034,9.004531864,48.68784871,3,2605271515,,,,,,,,,,,,,19.0,0.0
-4949587904933016928-2605271427-2,52383,2605271448,2605271450,5,,RE,IC87,Stuttgart Hbf,8001055,Böblingen,Baden-Württemberg,Böblingen,71034,9.004531864,48.68784871,3,2605271452,,2605271454,,h,1,Information,,,,,,,4.0,4.0
-4525949924591958884-2605271332-16,7432,2605271417,2605271417,1,,S,S4,Stuttgart Schwabstr.|Stuttgart Feuersee|Stuttgart Stadtmitte|Stuttgart Hbf (tief)|Stuttgart Nordbahnhof|Stuttgart-Feuerbach|Stuttgart-Zuffenhausen|Kornwestheim Pbf|Ludwigsburg|Favoritepark|Freiberg(Neckar)|Benningen(Neckar)|Marbach(Neckar)|Erdmannhausen|Kirchberg(Murr),8001296,Burgstall (Murr),Baden-Württemberg,Burgstetten,71576,9.36973562,48.92851826,6,2605271433,,2605271432,,,,,,,,,,c,16.0,15.0
-6549272114727686147-2605271403-2,7439,2605271407,2605271408,1,,S,S4,Backnang,8001296,Burgstall (Murr),Baden-Württemberg,Burgstetten,71576,9.36973562,48.92851826,6,2605271409,,2605271408,,h,1,Störung,,,,,,,2.0,0.0
195941745446539029-2605271433-2,7441,2605271437,2605271438,1,,S,S4,Backnang,8001296,Burgstall (Murr),Baden-Württemberg,Burgstetten,71576,9.36973562,48.92851826,6,2605271447,,2605271438,,h,1,Störung,,,,,c,,10.0,0.0
1310498941862652561-2605271402-16,7434,2605271447,2605271447,1,,S,S4,Stuttgart Schwabstr.|Stuttgart Feuersee|Stuttgart Stadtmitte|Stuttgart Hbf (tief)|Stuttgart Nordbahnhof|Stuttgart-Feuerbach|Stuttgart-Zuffenhausen|Kornwestheim Pbf|Ludwigsburg|Favoritepark|Freiberg(Neckar)|Benningen(Neckar)|Marbach(Neckar)|Erdmannhausen|Kirchberg(Murr),8001296,Burgstall (Murr),Baden-Württemberg,Burgstetten,71576,9.36973562,48.92851826,6,2605271506,,2605271506,,h,1,Störung,,,,,,,19.0,19.0
-5316665284018315725-2605271412-11,7636,2605271436,2605271436,2,,S,S6,Stuttgart Schwabstr.|Stuttgart Feuersee|Stuttgart Stadtmitte|Stuttgart Hbf (tief)|Stuttgart Nordbahnhof|Stuttgart-Feuerbach|Stuttgart-Zuffenhausen|Neuwirtshaus(Porscheplatz)|Korntal|Weilimdorf,8001476,Ditzingen,Baden-Württemberg,Ditzingen,71254,9.067095186,48.82358726,4,2605271436,,2605271436,,h,1,Störung,,,,,,,0.0,0.0
1188384783134199026-2605271342-11,7634,2605271406,2605271406,2,,S,S6,Stuttgart Schwabstr.|Stuttgart Feuersee|Stuttgart Stadtmitte|Stuttgart Hbf (tief)|Stuttgart Nordbahnhof|Stuttgart-Feuerbach|Stuttgart-Zuffenhausen|Neuwirtshaus(Porscheplatz)|Korntal|Weilimdorf,8001476,Ditzingen,Baden-Württemberg,Ditzingen,71254,9.067095186,48.82358726,4,2605271406,,2605271406,,,,,,,,,,,0.0,0.0
-4327327279162025655-2605271433-7,7641,2605271454,2605271454,3,,S,S6,Weil der Stadt|Malmsheim|Renningen|Rutesheim|Leonberg|Höfingen,8001476,Ditzingen,Baden-Württemberg,Ditzingen,71254,9.067095186,48.82358726,4,2605271510,,2605271510,,h,1,Störung,,,,,,,16.0,16.0
-2645153808296859604-2605271403-7,7639,2605271424,2605271424,3,,S,S6,Weil der Stadt|Malmsheim|Renningen|Rutesheim|Leonberg|Höfingen,8001476,Ditzingen,Baden-Württemberg,Ditzingen,71254,9.067095186,48.82358726,4,2605271432,,2605271432,,h,1,Störung,,,,,,,8.0,8.0
-973893879459034223-2605271418-3,7838,2605271425,2605271425,2,,S,S2,Filderstadt|Stuttgart Flughafen/Messe,8001650,Echterdingen,Baden-Württemberg,Echterdingen,70771,9.169307175,48.69214787,4,2605271425,,2605271425,,h,1,Störung,,,,,,,0.0,0.0
-5662537485265125812-2605271303-25,7831,2605271404,2605271405,1,,S,S2,Schorndorf|Weiler(Rems)|Winterbach(b Schorndorf)|Geradstetten|Grunbach|Beutelsbach|Endersbach|Stetten-Beinstein|Rommelshausen|Waiblingen|Fellbach|Stuttgart-Sommerrain|Stuttgart Nürnberger Str.|Stuttgart-Bad Cannstatt|Stuttgart Hbf (tief)|Stuttgart Stadtmitte|Stuttgart Feuersee|Stuttgart Schwabstr.|Stuttgart Universität|Stuttgart-Österfeld|Stuttgart-Vaihingen|Stuttgart-Rohr|Oberaichen|Leinfelden,8001650,Echterdingen,Baden-Württemberg,Echterdingen,70771,9.169307175,48.69214787,4,2605271404,,2605271405,,,,,,,,,,,0.0,0.0
-8059892926335795903-2605271348-25,7239,2605271449,2605271450,1,,S,S2,Schorndorf|Weiler(Rems)|Winterbach(b Schorndorf)|Geradstetten|Grunbach|Beutelsbach|Endersbach|Stetten-Beinstein|Rommelshausen|Waiblingen|Fellbach|Stuttgart-Sommerrain|Stuttgart Nürnberger Str.|Stuttgart-Bad Cannstatt|Stuttgart Hbf (tief)|Stuttgart Stadtmitte|Stuttgart Feuersee|Stuttgart Schwabstr.|Stuttgart Universität|Stuttgart-Österfeld|Stuttgart-Vaihingen|Stuttgart-Rohr|Oberaichen|Leinfelden,8001650,Echterdingen,Baden-Württemberg,Echterdingen,70771,9.169307175,48.69214787,4,2605271515,,2605271516,,h,1,Störung,,,,,,,26.0,26.0
6223730688488220237-2605271318-25,7237,2605271419,2605271420,1,,S,S2,Schorndorf|Weiler(Rems)|Winterbach(b Schorndorf)|Geradstetten|Grunbach|Beutelsbach|Endersbach|Stetten-Beinstein|Rommelshausen|Waiblingen|Fellbach|Stuttgart-Sommerrain|Stuttgart Nürnberger Str.|Stuttgart-Bad Cannstatt|Stuttgart Hbf (tief)|Stuttgart Stadtmitte|Stuttgart Feuersee|Stuttgart Schwabstr.|Stuttgart Universität|Stuttgart-Österfeld|Stuttgart-Vaihingen|Stuttgart-Rohr|Oberaichen|Leinfelden,8001650,Echterdingen,Baden-Württemberg,Echterdingen,70771,9.169307175,48.69214787,4,2605271448,,2605271449,,h,1,Störung,,,,,c,c,29.0,29.0
4722913099516594953-2605271448-3,7840,2605271455,2605271455,2,,S,S2,Filderstadt|Stuttgart Flughafen/Messe,8001650,Echterdingen,Baden-Württemberg,Echterdingen,70771,9.169307175,48.69214787,4,2605271513,,2605271513,,h,1,Störung,,,,,c,c,18.0,18.0
-7476481686954670934-2605271403-3,7236,2605271410,2605271410,2,,S,S2,Filderstadt|Stuttgart Flughafen/Messe,8001650,Echterdingen,Baden-Württemberg,Echterdingen,70771,9.169307175,48.69214787,4,2605271410,,2605271410,,h,1,Störung,,,,,,,0.0,0.0
5781587679873257611-2605271333-25,7833,2605271434,2605271435,1,,S,S2,Schorndorf|Weiler(Rems)|Winterbach(b Schorndorf)|Geradstetten|Grunbach|Beutelsbach|Endersbach|Stetten-Beinstein|Rommelshausen|Waiblingen|Fellbach|Stuttgart-Sommerrain|Stuttgart Nürnberger Str.|Stuttgart-Bad Cannstatt|Stuttgart Hbf (tief)|Stuttgart Stadtmitte|Stuttgart Feuersee|Stuttgart Schwabstr.|Stuttgart Universität|Stuttgart-Österfeld|Stuttgart-Vaihingen|Stuttgart-Rohr|Oberaichen|Leinfelden,8001650,Echterdingen,Baden-Württemberg,Echterdingen,70771,9.169307175,48.69214787,4,2605271503,,2605271504,,h,1,Störung,,,,,c,c,29.0,29.0
-6660169013356802205-2605271433-3,7238,2605271440,2605271440,2,,S,S2,Filderstadt|Stuttgart Flughafen/Messe,8001650,Echterdingen,Baden-Württemberg,Echterdingen,70771,9.169307175,48.69214787,4,2605271440,,2605271440,,h,1,Störung,,,,,,,0.0,0.0
1483937347162480380-2605271431-4,7738,2605271440,2605271440,1,,S,S1,Herrenberg|Nufringen|Gärtringen,8001689,Ehningen (b Böblingen),Baden-Württemberg,Ehningen,71139,8.944310368,48.66275549,4,2605271440,,2605271440,,h,1,Störung,,,,,,,0.0,0.0
5941834571298649161-2605271320-26,7137,2605271434,2605271434,2,,S,S1,Kirchheim(Teck)|Kirchheim(Teck)-Ötlingen|Wendlingen(Neckar)|Wernau(Neckar)|Plochingen|Altbach|Esslingen-Zell|Oberesslingen|Esslingen(Neckar)|Esslingen-Mettingen|Stuttgart-Obertürkheim|Stuttgart-Untertürkheim|Stuttgart Neckarpark|Stuttgart-Bad Cannstatt|Stuttgart Hbf (tief)|Stuttgart Stadtmitte|Stuttgart Feuersee|Stuttgart Schwabstr.|Stuttgart Universität|Stuttgart-Österfeld|Stuttgart-Vaihingen|Stuttgart-Rohr|Goldberg(Württ)|Böblingen|Hulb,8001689,Ehningen (b Böblingen),Baden-Württemberg,Ehningen,71139,8.944310368,48.66275549,4,2605271506,,2605271506,,h,1,Störung,,,Kirchheim(Teck)|Kirchheim(Teck)-Ötlingen|Wendlingen(Neckar)|Wernau(Neckar)|Plochingen|Altbach|Esslingen-Zell|Oberesslingen|Esslingen(Neckar)|Esslingen-Mettingen|Stuttgart-Obertürkheim|Stuttgart-Untertürkheim|Stuttgart Neckarpark|Stuttgart-Bad Cannstatt|Stuttgart Hbf (tief)|Stuttgart Stadtmitte|Stuttgart Feuersee|Stuttgart Schwabstr.|Stuttgart Universität|Stuttgart-Österfeld|Stuttgart-Vaihingen|Stuttgart-Rohr|Goldberg(Württ)|Böblingen|Hulb,Gärtringen|Nufringen|Herrenberg,c,c,32.0,32.0
1692997485605395662-2605271250-26,7135,2605271404,2605271404,2,,S,S1,Kirchheim(Teck)|Kirchheim(Teck)-Ötlingen|Wendlingen(Neckar)|Wernau(Neckar)|Plochingen|Altbach|Esslingen-Zell|Oberesslingen|Esslingen(Neckar)|Esslingen-Mettingen|Stuttgart-Obertürkheim|Stuttgart-Untertürkheim|Stuttgart Neckarpark|Stuttgart-Bad Cannstatt|Stuttgart Hbf (tief)|Stuttgart Stadtmitte|Stuttgart Feuersee|Stuttgart Schwabstr.|Stuttgart Universität|Stuttgart-Österfeld|Stuttgart-Vaihingen|Stuttgart-Rohr|Goldberg(Württ)|Böblingen|Hulb,8001689,Ehningen (b Böblingen),Baden-Württemberg,Ehningen,71139,8.944310368,48.66275549,4,2605271404,,2605271404,,,,,,,,,,,0.0,0.0
4368264823792479342-2605271416-4,7140,2605271425,2605271425,1,,S,S1,Herrenberg|Nufringen|Gärtringen,8001689,Ehningen (b Böblingen),Baden-Württemberg,Ehningen,71139,8.944310368,48.66275549,4,2605271425,,2605271425,,h,1,Störung,,,,,,,0.0,0.0
6975060148484130926-2605271322-22,7737,2605271419,2605271419,2,,S,S1,Plochingen|Altbach|Esslingen-Zell|Oberesslingen|Esslingen(Neckar)|Esslingen-Mettingen|Stuttgart-Obertürkheim|Stuttgart-Untertürkheim|Stuttgart Neckarpark|Stuttgart-Bad Cannstatt|Stuttgart Hbf (tief)|Stuttgart Stadtmitte|Stuttgart Feuersee|Stuttgart Schwabstr.|Stuttgart Universität|Stuttgart-Österfeld|Stuttgart-Vaihingen|Stuttgart-Rohr|Goldberg(Württ)|Böblingen|Hulb,8001689,Ehningen (b Böblingen),Baden-Württemberg,Ehningen,71139,8.944310368,48.66275549,4,2605271420,,2605271420,,h,1,Störung,,,,,,,1.0,1.0
-1448566218874371491-2605271401-4,7736,2605271410,2605271410,1,,S,S1,Herrenberg|Nufringen|Gärtringen,8001689,Ehningen (b Böblingen),Baden-Württemberg,Ehningen,71139,8.944310368,48.66275549,4,2605271410,,2605271410,,h,1,Störung,,,,,,,0.0,0.0
-5362237697829977230-2605271446-4,7142,2605271455,2605271455,1,,S,S1,Herrenberg|Nufringen|Gärtringen,8001689,Ehningen (b Böblingen),Baden-Württemberg,Ehningen,71139,8.944310368,48.66275549,4,2605271455,,2605271456,,h,1,Störung,,,,,,,0.0,1.0
-8630800119482065054-2605271433-7,7837,2605271447,2605271447,3,,S,S2,Schorndorf|Weiler(Rems)|Winterbach(b Schorndorf)|Geradstetten|Grunbach|Beutelsbach,8001785,Endersbach,Baden-Württemberg,Weinstadt,71384,9.370192421,48.81317323,4,2605271446,,2605271447,,h,1,Störung,,,,,,,-1.0,0.0
-5065266161330824658-2605271348-21,7836,2605271441,2605271441,2,,S,S2,Filderstadt|Stuttgart Flughafen/Messe|Echterdingen|Leinfelden|Oberaichen|Stuttgart-Rohr|Stuttgart-Vaihingen|Stuttgart-Österfeld|Stuttgart Universität|Stuttgart Schwabstr.|Stuttgart Feuersee|Stuttgart Stadtmitte|Stuttgart Hbf (tief)|Stuttgart-Bad Cannstatt|Stuttgart Nürnberger Str.|Stuttgart-Sommerrain|Fellbach|Waiblingen|Rommelshausen|Stetten-Beinstein,8001785,Endersbach,Baden-Württemberg,Weinstadt,71384,9.370192421,48.81317323,4,2605271443,,2605271443,,h,1,Störung,,,,,,,2.0,2.0
-955797221433152779-2605271333-21,7234,2605271426,2605271426,2,,S,S2,Filderstadt|Stuttgart Flughafen/Messe|Echterdingen|Leinfelden|Oberaichen|Stuttgart-Rohr|Stuttgart-Vaihingen|Stuttgart-Österfeld|Stuttgart Universität|Stuttgart Schwabstr.|Stuttgart Feuersee|Stuttgart Stadtmitte|Stuttgart Hbf (tief)|Stuttgart-Bad Cannstatt|Stuttgart Nürnberger Str.|Stuttgart-Sommerrain|Fellbach|Waiblingen|Rommelshausen|Stetten-Beinstein,8001785,Endersbach,Baden-Württemberg,Weinstadt,71384,9.370192421,48.81317323,4,2605271428,,2605271429,,h,1,Störung,,,,,,,2.0,3.0
-5955272615429035569-2605271418-7,7241,2605271432,2605271432,3,,S,S2,Schorndorf|Weiler(Rems)|Winterbach(b Schorndorf)|Geradstetten|Grunbach|Beutelsbach,8001785,Endersbach,Baden-Württemberg,Weinstadt,71384,9.370192421,48.81317323,4,2605271432,,2605271433,,h,1,Störung,,,,,,,0.0,1.0
-8059892926335795903-2605271348-7,7239,2605271402,2605271402,3,,S,S2,Schorndorf|Weiler(Rems)|Winterbach(b Schorndorf)|Geradstetten|Grunbach|Beutelsbach,8001785,Endersbach,Baden-Württemberg,Weinstadt,71384,9.370192421,48.81317323,4,2605271402,,2605271402,,h,1,Störung,,,,,,,0.0,0.0
3892636712455777835-2605271318-21,7834,2605271411,2605271411,2,,S,S2,Filderstadt|Stuttgart Flughafen/Messe|Echterdingen|Leinfelden|Oberaichen|Stuttgart-Rohr|Stuttgart-Vaihingen|Stuttgart-Österfeld|Stuttgart Universität|Stuttgart Schwabstr.|Stuttgart Feuersee|Stuttgart Stadtmitte|Stuttgart Hbf (tief)|Stuttgart-Bad Cannstatt|Stuttgart Nürnberger Str.|Stuttgart-Sommerrain|Fellbach|Waiblingen|Rommelshausen|Stetten-Beinstein,8001785,Endersbach,Baden-Württemberg,Weinstadt,71384,9.370192421,48.81317323,4,2605271413,,2605271413,,,,,,,,,,,2.0,2.0
988265121258628834-2605271403-7,7835,2605271417,2605271417,3,,S,S2,Schorndorf|Weiler(Rems)|Winterbach(b Schorndorf)|Geradstetten|Grunbach|Beutelsbach,8001785,Endersbach,Baden-Württemberg,Weinstadt,71384,9.370192421,48.81317323,4,2605271418,,2605271418,,h,1,Störung,,,,,,,1.0,1.0
-7476481686954670934-2605271403-21,7236,2605271456,2605271456,2,,S,S2,Filderstadt|Stuttgart Flughafen/Messe|Echterdingen|Leinfelden|Oberaichen|Stuttgart-Rohr|Stuttgart-Vaihingen|Stuttgart-Österfeld|Stuttgart Universität|Stuttgart Schwabstr.|Stuttgart Feuersee|Stuttgart Stadtmitte|Stuttgart Hbf (tief)|Stuttgart-Bad Cannstatt|Stuttgart Nürnberger Str.|Stuttgart-Sommerrain|Fellbach|Waiblingen|Rommelshausen|Stetten-Beinstein,8001785,Endersbach,Baden-Württemberg,Weinstadt,71384,9.370192421,48.81317323,4,2605271503,,2605271503,,h,1,Störung,,,,,,,7.0,7.0
-4525949924591958884-2605271332-14,7432,2605271410,2605271410,1,,S,S4,Stuttgart Schwabstr.|Stuttgart Feuersee|Stuttgart Stadtmitte|Stuttgart Hbf (tief)|Stuttgart Nordbahnhof|Stuttgart-Feuerbach|Stuttgart-Zuffenhausen|Kornwestheim Pbf|Ludwigsburg|Favoritepark|Freiberg(Neckar)|Benningen(Neckar)|Marbach(Neckar),8001827,Erdmannhausen,Baden-Württemberg,Erdmannhausen,71729,9.298930848,48.9483447,6,2605271420,,2605271425,,,,,,,,,,,10.0,15.0
-6549272114727686147-2605271403-4,7439,2605271417,2605271417,1,,S,S4,Backnang|Burgstall(Murr)|Kirchberg(Murr),8001827,Erdmannhausen,Baden-Württemberg,Erdmannhausen,71729,9.298930848,48.9483447,6,2605271432,,2605271433,,h,1,Störung,,,,,,,15.0,16.0
195941745446539029-2605271433-4,7441,2605271447,2605271447,1,,S,S4,Backnang|Burgstall(Murr)|Kirchberg(Murr),8001827,Erdmannhausen,Baden-Württemberg,Erdmannhausen,71729,9.298930848,48.9483447,6,2605271509,,2605271506,,h,1,Störung,,,,,,,22.0,19.0
1310498941862652561-2605271402-14,7434,2605271440,2605271440,1,,S,S4,Stuttgart Schwabstr.|Stuttgart Feuersee|Stuttgart Stadtmitte|Stuttgart Hbf (tief)|Stuttgart Nordbahnhof|Stuttgart-Feuerbach|Stuttgart-Zuffenhausen|Kornwestheim Pbf|Ludwigsburg|Favoritepark|Freiberg(Neckar)|Benningen(Neckar)|Marbach(Neckar),8001827,Erdmannhausen,Baden-Württemberg,Erdmannhausen,71729,9.298930848,48.9483447,6,2605271456,,2605271457,,h,1,Störung,,,,,,,16.0,17.0
6860077973327279202-2605271316-21,7136,2605271412,2605271413,8,,S,S1,Herrenberg|Nufringen|Gärtringen|Ehningen(b Böblingen)|Hulb|Böblingen|Goldberg(Württ)|Stuttgart-Rohr|Stuttgart-Vaihingen|Stuttgart-Österfeld|Stuttgart Universität|Stuttgart Schwabstr.|Stuttgart Feuersee|Stuttgart Stadtmitte|Stuttgart Hbf (tief)|Stuttgart-Bad Cannstatt|Stuttgart Neckarpark|Stuttgart-Untertürkheim|Stuttgart-Obertürkheim|Esslingen-Mettingen,8001920,Esslingen (Neckar),Baden-Württemberg,Esslingen am Neckar,73728,9.300578149,48.73854148,3,2605271413,,2605271413,,,,,,,,,,,1.0,0.0
-1478657606619347355-2605271352-5,7739,2605271402,2605271403,7,,S,S1,Plochingen|Altbach|Esslingen-Zell|Oberesslingen,8001920,Esslingen (Neckar),Baden-Württemberg,Esslingen am Neckar,73728,9.300578149,48.73854148,3,2605271403,6,2605271403,6,h,1,Störung,,,,,,,1.0,0.0
6042905361873535715-2605271346-21,7138,2605271442,2605271443,8,,S,S1,Herrenberg|Nufringen|Gärtringen|Ehningen(b Böblingen)|Hulb|Böblingen|Goldberg(Württ)|Stuttgart-Rohr|Stuttgart-Vaihingen|Stuttgart-Österfeld|Stuttgart Universität|Stuttgart Schwabstr.|Stuttgart Feuersee|Stuttgart Stadtmitte|Stuttgart Hbf (tief)|Stuttgart-Bad Cannstatt|Stuttgart Neckarpark|Stuttgart-Untertürkheim|Stuttgart-Obertürkheim|Esslingen-Mettingen,8001920,Esslingen (Neckar),Baden-Württemberg,Esslingen am Neckar,73728,9.300578149,48.73854148,3,2605271453,,2605271454,,h,1,Störung,,,,,,,11.0,11.0
8633251930679828811-2605271236-24,19321,2605271434,2605271435,6,,RE,MEX18,Osterburken|Adelsheim Ost|Sennfeld|Roigheim|Möckmühl|Züttlingen|Siglingen|Neudenau|Herbolzheim(Jagst)|Untergriesheim|Bad Friedrichshall Hbf|Neckarsulm|Heilbronn Sülmertor|Heilbronn Hbf|Nordheim(Württ)|Lauffen(Neckar)|Kirchheim(Neckar)|Walheim(Württ)|Besigheim|Bietigheim-Bissingen|Ludwigsburg|Stuttgart Hbf|Stuttgart-Bad Cannstatt,8001920,Esslingen (Neckar),Baden-Württemberg,Esslingen am Neckar,73728,9.300578149,48.73854148,3,2605271451,,2605271454,,h,2,Information,,,,,,,17.0,19.0
-4628373679111248828-2605271403-3,19147,2605271415,2605271415,5,,ARV,MEX16,Stuttgart Hbf|Stuttgart-Bad Cannstatt,8001920,Esslingen (Neckar),Baden-Württemberg,Esslingen am Neckar,73728,9.300578149,48.73854148,3,2605271417,,2605271418,,,,,,,,,,,2.0,3.0
-7554900795213045256-2605271320-20,19146,2605271438,2605271438,3,,ARV,MEX16,Ulm Hbf|Beimerstetten|Westerstetten|Lonsee|Urspring|Amstetten(Württ)|Geislingen(Steige)|Geislingen(Steige)West|Kuchen|Gingen(Fils)|Süßen|Salach|Eislingen(Fils)|Göppingen|Faurndau|Uhingen|Ebersbach(Fils)|Reichenbach(Fils)|Plochingen,8001920,Esslingen (Neckar),Baden-Württemberg,Esslingen am Neckar,73728,9.300578149,48.73854148,3,2605271438,,2605271438,,,,,,,,,,,0.0,0.0
6756447695356970455-2605271439-2,4221,2605271448,2605271448,5,,RE,RE5,Stuttgart Hbf,8001920,Esslingen (Neckar),Baden-Württemberg,Esslingen am Neckar,73728,9.300578149,48.73854148,3,2605271454,,2605271456,,h,2,Störung,,,,,,,6.0,8.0
6234051157455555779-2605271257-11,19225,2605271404,2605271405,8,,RE,MEX12,Heilbronn Hbf|Nordheim(Württ)|Lauffen(Neckar)|Kirchheim(Neckar)|Walheim(Württ)|Besigheim|Bietigheim-Bissingen|Ludwigsburg|Stuttgart Hbf|Stuttgart-Bad Cannstatt,8001920,Esslingen (Neckar),Baden-Württemberg,Esslingen am Neckar,73728,9.300578149,48.73854148,3,2605271406,,2605271407,,h,2,Information,,,,,,,2.0,2.0
-8022228080648420109-2605271442-3,19149,2605271453,2605271453,5,,ARV,MEX16,Stuttgart Hbf|Stuttgart-Bad Cannstatt,8001920,Esslingen (Neckar),Baden-Württemberg,Esslingen am Neckar,73728,9.300578149,48.73854148,3,2605271459,6,2605271500,6,,,,,,,,,,6.0,7.0
-3450342550725116010-2605271236-20,19144,2605271401,2605271402,3,,ARV,MEX16,Ulm Hbf|Beimerstetten|Westerstetten|Lonsee|Urspring|Amstetten(Württ)|Geislingen(Steige)|Geislingen(Steige)West|Kuchen|Gingen(Fils)|Süßen|Salach|Eislingen(Fils)|Göppingen|Faurndau|Uhingen|Ebersbach(Fils)|Reichenbach(Fils)|Plochingen,8001920,Esslingen (Neckar),Baden-Württemberg,Esslingen am Neckar,73728,9.300578149,48.73854148,3,2605271402,,2605271402,,,,,,,,,,,1.0,0.0
-1448566218874371491-2605271401-21,7736,2605271457,2605271458,8,,S,S1,Herrenberg|Nufringen|Gärtringen|Ehningen(b Böblingen)|Hulb|Böblingen|Goldberg(Württ)|Stuttgart-Rohr|Stuttgart-Vaihingen|Stuttgart-Österfeld|Stuttgart Universität|Stuttgart Schwabstr.|Stuttgart Feuersee|Stuttgart Stadtmitte|Stuttgart Hbf (tief)|Stuttgart-Bad Cannstatt|Stuttgart Neckarpark|Stuttgart-Untertürkheim|Stuttgart-Obertürkheim|Esslingen-Mettingen,8001920,Esslingen (Neckar),Baden-Württemberg,Esslingen am Neckar,73728,9.300578149,48.73854148,3,2605271501,,2605271501,,h,1,Störung,,,,,,,4.0,3.0
-435947149290413357-2605271405-9,19234,2605271455,2605271455,7,,RE,MEX12,Tübingen Hbf|Reutlingen Hbf|Metzingen(Württ)|Bempflingen|Nürtingen|Oberboihingen|Wendlingen(Neckar)|Plochingen,8001920,Esslingen (Neckar),Baden-Württemberg,Esslingen am Neckar,73728,9.300578149,48.73854148,3,2605271454,,2605271455,,h,2,Information,,,,,,,-1.0,0.0
-2048577948449920744-2605271230-10,4242,2605271412,2605271413,3,,RE,RE5,Aulendorf|Bad Schussenried|Biberach(Riß) Süd|Biberach(Riß)|Laupheim West|Ulm Hbf|Geislingen(Steige)|Göppingen|Plochingen,8001920,Esslingen (Neckar),Baden-Württemberg,Esslingen am Neckar,73728,9.300578149,48.73854148,3,2605271413,,2605271414,,h,2,Störung,,,,,,,1.0,1.0
-1936486939046904827-2605271331-21,7734,2605271427,2605271428,8,,S,S1,Herrenberg|Nufringen|Gärtringen|Ehningen(b Böblingen)|Hulb|Böblingen|Goldberg(Württ)|Stuttgart-Rohr|Stuttgart-Vaihingen|Stuttgart-Österfeld|Stuttgart Universität|Stuttgart Schwabstr.|Stuttgart Feuersee|Stuttgart Stadtmitte|Stuttgart Hbf (tief)|Stuttgart-Bad Cannstatt|Stuttgart Neckarpark|Stuttgart-Untertürkheim|Stuttgart-Obertürkheim|Esslingen-Mettingen,8001920,Esslingen (Neckar),Baden-Württemberg,Esslingen am Neckar,73728,9.300578149,48.73854148,3,2605271448,,2605271449,,h,1,Störung,,,,,p,p,21.0,21.0
-3722178580889207774-2605271422-5,7741,2605271432,2605271433,7,,S,S1,Plochingen|Altbach|Esslingen-Zell|Oberesslingen,8001920,Esslingen (Neckar),Baden-Württemberg,Esslingen am Neckar,73728,9.300578149,48.73854148,3,2605271433,,2605271434,,h,1,Störung,,,,,,,1.0,1.0
-1544538779323315833-2605271333-7,19320,2605271418,2605271418,3,,RE,MEX18,Tübingen Hbf|Reutlingen Hbf|Metzingen(Württ)|Nürtingen|Wendlingen(Neckar)|Plochingen,8001920,Esslingen (Neckar),Baden-Württemberg,Esslingen am Neckar,73728,9.300578149,48.73854148,3,2605271419,,2605271419,,h,2,Information,,,,,,,1.0,1.0
7236638317671658556-2605271420-9,7141,2605271447,2605271448,7,,S,S1,Kirchheim(Teck)|Kirchheim(Teck)-Ötlingen|Wendlingen(Neckar)|Wernau(Neckar)|Plochingen|Altbach|Esslingen-Zell|Oberesslingen,8001920,Esslingen (Neckar),Baden-Württemberg,Esslingen am Neckar,73728,9.300578149,48.73854148,3,2605271447,,2605271448,,h,1,Störung,,,,,,,0.0,0.0
7004552740739658779-2605271350-9,7139,2605271417,2605271418,7,,S,S1,Kirchheim(Teck)|Kirchheim(Teck)-Ötlingen|Wendlingen(Neckar)|Wernau(Neckar)|Plochingen|Altbach|Esslingen-Zell|Oberesslingen,8001920,Esslingen (Neckar),Baden-Württemberg,Esslingen am Neckar,73728,9.300578149,48.73854148,3,2605271420,,2605271420,,h,1,Störung,,,,,,,3.0,2.0
6860077973327279202-2605271316-20,7136,2605271409,2605271409,4,,S,S1,Herrenberg|Nufringen|Gärtringen|Ehningen(b Böblingen)|Hulb|Böblingen|Goldberg(Württ)|Stuttgart-Rohr|Stuttgart-Vaihingen|Stuttgart-Österfeld|Stuttgart Universität|Stuttgart Schwabstr.|Stuttgart Feuersee|Stuttgart Stadtmitte|Stuttgart Hbf (tief)|Stuttgart-Bad Cannstatt|Stuttgart Neckarpark|Stuttgart-Untertürkheim|Stuttgart-Obertürkheim,8001921,Esslingen-Mettingen,Baden-Württemberg,Esslingen am Neckar,73733,9.275799007,48.74696655,3,2605271411,,2605271411,,,,,,,,,,,2.0,2.0
-1478657606619347355-2605271352-6,7739,2605271405,2605271405,3,,S,S1,Plochingen|Altbach|Esslingen-Zell|Oberesslingen|Esslingen(Neckar),8001921,Esslingen-Mettingen,Baden-Württemberg,Esslingen am Neckar,73733,9.275799007,48.74696655,3,2605271406,,2605271406,,h,1,Störung,,,,,,,1.0,1.0
6042905361873535715-2605271346-20,7138,2605271439,2605271439,4,,S,S1,Herrenberg|Nufringen|Gärtringen|Ehningen(b Böblingen)|Hulb|Böblingen|Goldberg(Württ)|Stuttgart-Rohr|Stuttgart-Vaihingen|Stuttgart-Österfeld|Stuttgart Universität|Stuttgart Schwabstr.|Stuttgart Feuersee|Stuttgart Stadtmitte|Stuttgart Hbf (tief)|Stuttgart-Bad Cannstatt|Stuttgart Neckarpark|Stuttgart-Untertürkheim|Stuttgart-Obertürkheim,8001921,Esslingen-Mettingen,Baden-Württemberg,Esslingen am Neckar,73733,9.275799007,48.74696655,3,2605271451,,2605271451,,h,1,Störung,,,,,,,12.0,12.0
-1448566218874371491-2605271401-20,7736,2605271454,2605271454,4,,S,S1,Herrenberg|Nufringen|Gärtringen|Ehningen(b Böblingen)|Hulb|Böblingen|Goldberg(Württ)|Stuttgart-Rohr|Stuttgart-Vaihingen|Stuttgart-Österfeld|Stuttgart Universität|Stuttgart Schwabstr.|Stuttgart Feuersee|Stuttgart Stadtmitte|Stuttgart Hbf (tief)|Stuttgart-Bad Cannstatt|Stuttgart Neckarpark|Stuttgart-Untertürkheim|Stuttgart-Obertürkheim,8001921,Esslingen-Mettingen,Baden-Württemberg,Esslingen am Neckar,73733,9.275799007,48.74696655,3,2605271458,,2605271459,,h,1,Störung,,,,,,,4.0,5.0
-1936486939046904827-2605271331-20,7734,2605271424,2605271424,4,,S,S1,Herrenberg|Nufringen|Gärtringen|Ehningen(b Böblingen)|Hulb|Böblingen|Goldberg(Württ)|Stuttgart-Rohr|Stuttgart-Vaihingen|Stuttgart-Österfeld|Stuttgart Universität|Stuttgart Schwabstr.|Stuttgart Feuersee|Stuttgart Stadtmitte|Stuttgart Hbf (tief)|Stuttgart-Bad Cannstatt|Stuttgart Neckarpark|Stuttgart-Untertürkheim|Stuttgart-Obertürkheim,8001921,Esslingen-Mettingen,Baden-Württemberg,Esslingen am Neckar,73733,9.275799007,48.74696655,3,2605271445,,2605271446,,h,1,Störung,,,,,p,p,21.0,22.0
-3722178580889207774-2605271422-6,7741,2605271435,2605271435,3,,S,S1,Plochingen|Altbach|Esslingen-Zell|Oberesslingen|Esslingen(Neckar),8001921,Esslingen-Mettingen,Baden-Württemberg,Esslingen am Neckar,73733,9.275799007,48.74696655,3,2605271436,,2605271436,,h,1,Störung,,,,,,,1.0,1.0
7236638317671658556-2605271420-10,7141,2605271450,2605271450,3,,S,S1,Kirchheim(Teck)|Kirchheim(Teck)-Ötlingen|Wendlingen(Neckar)|Wernau(Neckar)|Plochingen|Altbach|Esslingen-Zell|Oberesslingen|Esslingen(Neckar),8001921,Esslingen-Mettingen,Baden-Württemberg,Esslingen am Neckar,73733,9.275799007,48.74696655,3,2605271450,,2605271450,,h,1,Störung,,,,,,,0.0,0.0
7004552740739658779-2605271350-10,7139,2605271420,2605271420,3,,S,S1,Kirchheim(Teck)|Kirchheim(Teck)-Ötlingen|Wendlingen(Neckar)|Wernau(Neckar)|Plochingen|Altbach|Esslingen-Zell|Oberesslingen|Esslingen(Neckar),8001921,Esslingen-Mettingen,Baden-Württemberg,Esslingen am Neckar,73733,9.275799007,48.74696655,3,2605271422,,2605271423,,h,1,Störung,,,,,,,2.0,3.0
6860077973327279202-2605271316-23,7136,2605271417,2605271418,4,,S,S1,Herrenberg|Nufringen|Gärtringen|Ehningen(b Böblingen)|Hulb|Böblingen|Goldberg(Württ)|Stuttgart-Rohr|Stuttgart-Vaihingen|Stuttgart-Österfeld|Stuttgart Universität|Stuttgart Schwabstr.|Stuttgart Feuersee|Stuttgart Stadtmitte|Stuttgart Hbf (tief)|Stuttgart-Bad Cannstatt|Stuttgart Neckarpark|Stuttgart-Untertürkheim|Stuttgart-Obertürkheim|Esslingen-Mettingen|Esslingen(Neckar)|Oberesslingen,8006642,Esslingen-Zell,Baden-Württemberg,Esslingen am Neckar,73730,9.359739507,48.72436142,3,2605271418,,2605271418,,,,,,,,,,,1.0,0.0
6042905361873535715-2605271346-23,7138,2605271447,2605271448,4,,S,S1,Herrenberg|Nufringen|Gärtringen|Ehningen(b Böblingen)|Hulb|Böblingen|Goldberg(Württ)|Stuttgart-Rohr|Stuttgart-Vaihingen|Stuttgart-Österfeld|Stuttgart Universität|Stuttgart Schwabstr.|Stuttgart Feuersee|Stuttgart Stadtmitte|Stuttgart Hbf (tief)|Stuttgart-Bad Cannstatt|Stuttgart Neckarpark|Stuttgart-Untertürkheim|Stuttgart-Obertürkheim|Esslingen-Mettingen|Esslingen(Neckar)|Oberesslingen,8006642,Esslingen-Zell,Baden-Württemberg,Esslingen am Neckar,73730,9.359739507,48.72436142,3,2605271458,,2605271458,,h,1,Störung,,,,,,,11.0,10.0
2445452608426707839-2605271304-19,7732,2605271402,2605271403,4,,S,S1,Herrenberg|Böblingen|Goldberg(Württ)|Stuttgart-Rohr|Stuttgart-Vaihingen|Stuttgart-Österfeld|Stuttgart Universität|Stuttgart Schwabstr.|Stuttgart Feuersee|Stuttgart Stadtmitte|Stuttgart Hbf (tief)|Stuttgart-Bad Cannstatt|Stuttgart Neckarpark|Stuttgart-Untertürkheim|Stuttgart-Obertürkheim|Esslingen-Mettingen|Esslingen(Neckar)|Oberesslingen,8006642,Esslingen-Zell,Baden-Württemberg,Esslingen am Neckar,73730,9.359739507,48.72436142,3,2605271403,,2605271403,,,,,,,,,,,1.0,0.0
-1936486939046904827-2605271331-23,7734,2605271432,2605271433,4,,S,S1,Herrenberg|Nufringen|Gärtringen|Ehningen(b Böblingen)|Hulb|Böblingen|Goldberg(Württ)|Stuttgart-Rohr|Stuttgart-Vaihingen|Stuttgart-Österfeld|Stuttgart Universität|Stuttgart Schwabstr.|Stuttgart Feuersee|Stuttgart Stadtmitte|Stuttgart Hbf (tief)|Stuttgart-Bad Cannstatt|Stuttgart Neckarpark|Stuttgart-Untertürkheim|Stuttgart-Obertürkheim|Esslingen-Mettingen|Esslingen(Neckar)|Oberesslingen,8006642,Esslingen-Zell,Baden-Württemberg,Esslingen am Neckar,73730,9.359739507,48.72436142,3,2605271453,,2605271454,,h,1,Störung,,,,,p,p,21.0,21.0
-3722178580889207774-2605271422-3,7741,2605271427,2605271427,3,,S,S1,Plochingen|Altbach,8006642,Esslingen-Zell,Baden-Württemberg,Esslingen am Neckar,73730,9.359739507,48.72436142,3,2605271428,,2605271429,,h,1,Störung,,,,,,,1.0,2.0
-7694665902753715495-2605271452-3,7743,2605271457,2605271457,3,,S,S1,Plochingen|Altbach,8006642,Esslingen-Zell,Baden-Württemberg,Esslingen am Neckar,73730,9.359739507,48.72436142,3,2605271515,,2605271515,,h,1,Störung,,,,,,,18.0,18.0
7236638317671658556-2605271420-7,7141,2605271442,2605271442,3,,S,S1,Kirchheim(Teck)|Kirchheim(Teck)-Ötlingen|Wendlingen(Neckar)|Wernau(Neckar)|Plochingen|Altbach,8006642,Esslingen-Zell,Baden-Württemberg,Esslingen am Neckar,73730,9.359739507,48.72436142,3,2605271442,,2605271442,,h,1,Störung,,,,,,,0.0,0.0
7004552740739658779-2605271350-7,7139,2605271412,2605271412,3,,S,S1,Kirchheim(Teck)|Kirchheim(Teck)-Ötlingen|Wendlingen(Neckar)|Wernau(Neckar)|Plochingen|Altbach,8006642,Esslingen-Zell,Baden-Württemberg,Esslingen am Neckar,73730,9.359739507,48.72436142,3,2605271414,,2605271414,,h,1,Störung,,,,,,,2.0,2.0
-4819270473812152373-2605271417-10,28406,2605271441,2605271441,1,,S,S4,Stuttgart Schwabstr.|Stuttgart Feuersee|Stuttgart Stadtmitte|Stuttgart Hbf (tief)|Stuttgart Nordbahnhof|Stuttgart-Feuerbach|Stuttgart-Zuffenhausen|Kornwestheim Pbf|Ludwigsburg,8001967,Favoritepark,Baden-Württemberg,Ludwigsburg,71634,9.180574277,48.90948451,5,2605271454,,2605271454,,h,1,Störung,,,,,c,c,13.0,13.0
7531750134200071940-2605271347-10,28404,2605271411,2605271411,1,,S,S4,Stuttgart Schwabstr.|Stuttgart Feuersee|Stuttgart Stadtmitte|Stuttgart Hbf (tief)|Stuttgart Nordbahnhof|Stuttgart-Feuerbach|Stuttgart-Zuffenhausen|Kornwestheim Pbf|Ludwigsburg,8001967,Favoritepark,Baden-Württemberg,Ludwigsburg,71634,9.180574277,48.90948451,5,2605271411,,2605271412,,,,,,,,,,,0.0,1.0
-2716364704866871625-2605271410-4,28403,2605271418,2605271418,2,,S,S4,Marbach(Neckar)|Benningen(Neckar)|Freiberg(Neckar),8001967,Favoritepark,Baden-Württemberg,Ludwigsburg,71634,9.180574277,48.90948451,5,2605271419,,2605271419,,h,1,Störung,,,,,,,1.0,1.0
-6549272114727686147-2605271403-8,7439,2605271433,2605271433,2,,S,S4,Backnang|Burgstall(Murr)|Kirchberg(Murr)|Erdmannhausen|Marbach(Neckar)|Benningen(Neckar)|Freiberg(Neckar),8001967,Favoritepark,Baden-Württemberg,Ludwigsburg,71634,9.180574277,48.90948451,5,2605271448,,2605271449,,h,1,Störung,,,,,,,15.0,16.0
-6501025132250133137-2605271432-10,7436,2605271456,2605271456,1,,S,S4,Stuttgart Schwabstr.|Stuttgart Feuersee|Stuttgart Stadtmitte|Stuttgart Hbf (tief)|Stuttgart Nordbahnhof|Stuttgart-Feuerbach|Stuttgart-Zuffenhausen|Kornwestheim Pbf|Ludwigsburg,8001967,Favoritepark,Baden-Württemberg,Ludwigsburg,71634,9.180574277,48.90948451,5,2605271502,,2605271503,,h,1,Störung,,,,,,,6.0,7.0
-8102573765579059783-2605271440-4,28405,2605271448,2605271448,2,,S,S4,Marbach(Neckar)|Benningen(Neckar)|Freiberg(Neckar),8001967,Favoritepark,Baden-Württemberg,Ludwigsburg,71634,9.180574277,48.90948451,5,2605271451,,2605271451,,h,1,Störung,,,,,,,3.0,3.0
1310498941862652561-2605271402-10,7434,2605271426,2605271426,1,,S,S4,Stuttgart Schwabstr.|Stuttgart Feuersee|Stuttgart Stadtmitte|Stuttgart Hbf (tief)|Stuttgart Nordbahnhof|Stuttgart-Feuerbach|Stuttgart-Zuffenhausen|Kornwestheim Pbf|Ludwigsburg,8001967,Favoritepark,Baden-Württemberg,Ludwigsburg,71634,9.180574277,48.90948451,5,2605271427,,2605271427,,h,1,Störung,,,,,,,1.0,1.0
3618335699656372385-2605271333-8,7437,2605271403,2605271403,2,,S,S4,Backnang|Burgstall(Murr)|Kirchberg(Murr)|Erdmannhausen|Marbach(Neckar)|Benningen(Neckar)|Freiberg(Neckar),8001967,Favoritepark,Baden-Württemberg,Ludwigsburg,71634,9.180574277,48.90948451,5,2605271404,,2605271404,,h,1,Störung,,,,,,,1.0,1.0
-8630800119482065054-2605271433-11,7837,2605271457,2605271458,4,,S,S2,Schorndorf|Weiler(Rems)|Winterbach(b Schorndorf)|Geradstetten|Grunbach|Beutelsbach|Endersbach|Stetten-Beinstein|Rommelshausen|Waiblingen,8001974,Fellbach,Baden-Württemberg,Fellbach,70736,9.270645988,48.8202936,3,2605271457,,2605271458,,h,1,Störung,,,,,,,0.0,0.0
6554930112927852478-2605271411-8,7339,2605271432,2605271433,4,,S,S3,Backnang|Maubach|Nellmersbach|Winnenden|Schwaikheim|Neustadt-Hohenacker|Waiblingen,8001974,Fellbach,Baden-Württemberg,Fellbach,70736,9.270645988,48.8202936,3,2605271439,,2605271439,,h,1,Störung,,,,,,,7.0,6.0
-5065266161330824658-2605271348-17,7836,2605271431,2605271432,1,,S,S2,Filderstadt|Stuttgart Flughafen/Messe|Echterdingen|Leinfelden|Oberaichen|Stuttgart-Rohr|Stuttgart-Vaihingen|Stuttgart-Österfeld|Stuttgart Universität|Stuttgart Schwabstr.|Stuttgart Feuersee|Stuttgart Stadtmitte|Stuttgart Hbf (tief)|Stuttgart-Bad Cannstatt|Stuttgart Nürnberger Str.|Stuttgart-Sommerrain,8001974,Fellbach,Baden-Württemberg,Fellbach,70736,9.270645988,48.8202936,3,2605271432,,2605271433,,h,1,Störung,,,,,,,1.0,1.0
-955797221433152779-2605271333-17,7234,2605271416,2605271417,1,,S,S2,Filderstadt|Stuttgart Flughafen/Messe|Echterdingen|Leinfelden|Oberaichen|Stuttgart-Rohr|Stuttgart-Vaihingen|Stuttgart-Österfeld|Stuttgart Universität|Stuttgart Schwabstr.|Stuttgart Feuersee|Stuttgart Stadtmitte|Stuttgart Hbf (tief)|Stuttgart-Bad Cannstatt|Stuttgart Nürnberger Str.|Stuttgart-Sommerrain,8001974,Fellbach,Baden-Württemberg,Fellbach,70736,9.270645988,48.8202936,3,2605271418,,2605271419,,h,1,Störung,,,,,,,2.0,2.0
-4213544138721587197-2605271345-11,28332,2605271411,2605271412,1,,S,S3,Stuttgart-Vaihingen|Stuttgart-Österfeld|Stuttgart Universität|Stuttgart Schwabstr.|Stuttgart Feuersee|Stuttgart Stadtmitte|Stuttgart Hbf (tief)|Stuttgart-Bad Cannstatt|Stuttgart Nürnberger Str.|Stuttgart-Sommerrain,8001974,Fellbach,Baden-Württemberg,Fellbach,70736,9.270645988,48.8202936,3,2605271411,,2605271412,,,,,,,,,,,0.0,0.0
-1157059812177875045-2605271356-8,28333,2605271417,2605271418,4,,S,S3,Backnang|Maubach|Nellmersbach|Winnenden|Schwaikheim|Neustadt-Hohenacker|Waiblingen,8001974,Fellbach,Baden-Württemberg,Fellbach,70736,9.270645988,48.8202936,3,2605271427,,2605271431,,h,1,Störung,,,,,,,10.0,13.0
-5955272615429035569-2605271418-11,7241,2605271442,2605271443,4,,S,S2,Schorndorf|Weiler(Rems)|Winterbach(b Schorndorf)|Geradstetten|Grunbach|Beutelsbach|Endersbach|Stetten-Beinstein|Rommelshausen|Waiblingen,8001974,Fellbach,Baden-Württemberg,Fellbach,70736,9.270645988,48.8202936,3,2605271443,,2605271444,,h,1,Störung,,,,,,,1.0,1.0
-8059892926335795903-2605271348-11,7239,2605271412,2605271413,4,,S,S2,Schorndorf|Weiler(Rems)|Winterbach(b Schorndorf)|Geradstetten|Grunbach|Beutelsbach|Endersbach|Stetten-Beinstein|Rommelshausen|Waiblingen,8001974,Fellbach,Baden-Württemberg,Fellbach,70736,9.270645988,48.8202936,3,2605271412,,2605271425,,h,1,Störung,,,,,,,0.0,12.0
959092593719343738-2605271426-8,28335,2605271447,2605271448,4,,S,S3,Backnang|Maubach|Nellmersbach|Winnenden|Schwaikheim|Neustadt-Hohenacker|Waiblingen,8001974,Fellbach,Baden-Württemberg,Fellbach,70736,9.270645988,48.8202936,3,2605271448,,2605271449,,h,1,Störung,,,,,,,1.0,1.0
3892636712455777835-2605271318-17,7834,2605271401,2605271402,1,,S,S2,Filderstadt|Stuttgart Flughafen/Messe|Echterdingen|Leinfelden|Oberaichen|Stuttgart-Rohr|Stuttgart-Vaihingen|Stuttgart-Österfeld|Stuttgart Universität|Stuttgart Schwabstr.|Stuttgart Feuersee|Stuttgart Stadtmitte|Stuttgart Hbf (tief)|Stuttgart-Bad Cannstatt|Stuttgart Nürnberger Str.|Stuttgart-Sommerrain,8001974,Fellbach,Baden-Württemberg,Fellbach,70736,9.270645988,48.8202936,3,2605271402,,2605271404,,,,,,,,,,,1.0,2.0
4534703989086356326-2605271341-8,7337,2605271402,2605271403,4,,S,S3,Backnang|Maubach|Nellmersbach|Winnenden|Schwaikheim|Neustadt-Hohenacker|Waiblingen,8001974,Fellbach,Baden-Württemberg,Fellbach,70736,9.270645988,48.8202936,3,2605271404,,2605271403,,h,1,Störung,,,,,,,2.0,0.0
-5789469067235984637-2605271430-11,7338,2605271456,2605271457,1,,S,S3,Stuttgart-Vaihingen|Stuttgart-Österfeld|Stuttgart Universität|Stuttgart Schwabstr.|Stuttgart Feuersee|Stuttgart Stadtmitte|Stuttgart Hbf (tief)|Stuttgart-Bad Cannstatt|Stuttgart Nürnberger Str.|Stuttgart-Sommerrain,8001974,Fellbach,Baden-Württemberg,Fellbach,70736,9.270645988,48.8202936,3,2605271500,,2605271501,,h,1,Störung,,,,,,,4.0,4.0
988265121258628834-2605271403-11,7835,2605271427,2605271428,4,,S,S2,Schorndorf|Weiler(Rems)|Winterbach(b Schorndorf)|Geradstetten|Grunbach|Beutelsbach|Endersbach|Stetten-Beinstein|Rommelshausen|Waiblingen,8001974,Fellbach,Baden-Württemberg,Fellbach,70736,9.270645988,48.8202936,3,2605271435,,2605271436,,h,1,Störung,,,,,,,8.0,8.0
3573720910347828828-2605271415-11,28334,2605271441,2605271442,1,,S,S3,Stuttgart-Vaihingen|Stuttgart-Österfeld|Stuttgart Universität|Stuttgart Schwabstr.|Stuttgart Feuersee|Stuttgart Stadtmitte|Stuttgart Hbf (tief)|Stuttgart-Bad Cannstatt|Stuttgart Nürnberger Str.|Stuttgart-Sommerrain,8001974,Fellbach,Baden-Württemberg,Fellbach,70736,9.270645988,48.8202936,3,2605271445,,2605271446,,h,1,Störung,,,,,,,4.0,4.0
-7476481686954670934-2605271403-17,7236,2605271446,2605271447,1,,S,S2,Filderstadt|Stuttgart Flughafen/Messe|Echterdingen|Leinfelden|Oberaichen|Stuttgart-Rohr|Stuttgart-Vaihingen|Stuttgart-Österfeld|Stuttgart Universität|Stuttgart Schwabstr.|Stuttgart Feuersee|Stuttgart Stadtmitte|Stuttgart Hbf (tief)|Stuttgart-Bad Cannstatt|Stuttgart Nürnberger Str.|Stuttgart-Sommerrain,8001974,Fellbach,Baden-Württemberg,Fellbach,70736,9.270645988,48.8202936,3,2605271453,,2605271453,,h,1,Störung,,,,,,,7.0,6.0
-41822505101306185-2605271400-11,7336,2605271426,2605271427,1,,S,S3,Stuttgart-Vaihingen|Stuttgart-Österfeld|Stuttgart Universität|Stuttgart Schwabstr.|Stuttgart Feuersee|Stuttgart Stadtmitte|Stuttgart Hbf (tief)|Stuttgart-Bad Cannstatt|Stuttgart Nürnberger Str.|Stuttgart-Sommerrain,8001974,Fellbach,Baden-Württemberg,Fellbach,70736,9.270645988,48.8202936,3,2605271427,,2605271429,,h,1,Störung,,,,,,,1.0,2.0
-973893879459034223-2605271418-2,7838,2605271422,2605271423,2,,S,S2,Filderstadt,8005768,Stuttgart Flughafen/Messe,Baden-Württemberg,Leinfelden-Echterdingen,70629,9.193411574,48.69075193,4,2605271422,,2605271423,,h,1,Störung,,,,,,,0.0,0.0
-5662537485265125812-2605271303-26,7831,2605271407,2605271408,1,,S,S2,Schorndorf|Weiler(Rems)|Winterbach(b Schorndorf)|Geradstetten|Grunbach|Beutelsbach|Endersbach|Stetten-Beinstein|Rommelshausen|Waiblingen|Fellbach|Stuttgart-Sommerrain|Stuttgart Nürnberger Str.|Stuttgart-Bad Cannstatt|Stuttgart Hbf (tief)|Stuttgart Stadtmitte|Stuttgart Feuersee|Stuttgart Schwabstr.|Stuttgart Universität|Stuttgart-Österfeld|Stuttgart-Vaihingen|Stuttgart-Rohr|Oberaichen|Leinfelden|Echterdingen,8005768,Stuttgart Flughafen/Messe,Baden-Württemberg,Leinfelden-Echterdingen,70629,9.193411574,48.69075193,4,2605271407,,2605271408,,,,,,,,,,,0.0,0.0
-8059892926335795903-2605271348-26,7239,2605271452,2605271453,1,,S,S2,Schorndorf|Weiler(Rems)|Winterbach(b Schorndorf)|Geradstetten|Grunbach|Beutelsbach|Endersbach|Stetten-Beinstein|Rommelshausen|Waiblingen|Fellbach|Stuttgart-Sommerrain|Stuttgart Nürnberger Str.|Stuttgart-Bad Cannstatt|Stuttgart Hbf (tief)|Stuttgart Stadtmitte|Stuttgart Feuersee|Stuttgart Schwabstr.|Stuttgart Universität|Stuttgart-Österfeld|Stuttgart-Vaihingen|Stuttgart-Rohr|Oberaichen|Leinfelden|Echterdingen,8005768,Stuttgart Flughafen/Messe,Baden-Württemberg,Leinfelden-Echterdingen,70629,9.193411574,48.69075193,4,2605271518,2,2605271513,,h,1,Störung,,,,,,c,26.0,20.0
6223730688488220237-2605271318-26,7237,2605271422,2605271423,1,,S,S2,Schorndorf|Weiler(Rems)|Winterbach(b Schorndorf)|Geradstetten|Grunbach|Beutelsbach|Endersbach|Stetten-Beinstein|Rommelshausen|Waiblingen|Fellbach|Stuttgart-Sommerrain|Stuttgart Nürnberger Str.|Stuttgart-Bad Cannstatt|Stuttgart Hbf (tief)|Stuttgart Stadtmitte|Stuttgart Feuersee|Stuttgart Schwabstr.|Stuttgart Universität|Stuttgart-Österfeld|Stuttgart-Vaihingen|Stuttgart-Rohr|Oberaichen|Leinfelden|Echterdingen,8005768,Stuttgart Flughafen/Messe,Baden-Württemberg,Leinfelden-Echterdingen,70629,9.193411574,48.69075193,4,2605271451,,2605271451,,h,1,Störung,,,,,c,c,29.0,28.0
4722913099516594953-2605271448-2,7840,2605271452,2605271453,2,,S,S2,Filderstadt,8005768,Stuttgart Flughafen/Messe,Baden-Württemberg,Leinfelden-Echterdingen,70629,9.193411574,48.69075193,4,2605271511,,2605271511,,h,1,Störung,,,,,c,c,19.0,18.0
-7476481686954670934-2605271403-2,7236,2605271407,2605271408,2,,S,S2,Filderstadt,8005768,Stuttgart Flughafen/Messe,Baden-Württemberg,Leinfelden-Echterdingen,70629,9.193411574,48.69075193,4,2605271407,,2605271408,,h,1,Störung,,,,,,,0.0,0.0
5781587679873257611-2605271333-26,7833,2605271437,2605271438,1,,S,S2,Schorndorf|Weiler(Rems)|Winterbach(b Schorndorf)|Geradstetten|Grunbach|Beutelsbach|Endersbach|Stetten-Beinstein|Rommelshausen|Waiblingen|Fellbach|Stuttgart-Sommerrain|Stuttgart Nürnberger Str.|Stuttgart-Bad Cannstatt|Stuttgart Hbf (tief)|Stuttgart Stadtmitte|Stuttgart Feuersee|Stuttgart Schwabstr.|Stuttgart Universität|Stuttgart-Österfeld|Stuttgart-Vaihingen|Stuttgart-Rohr|Oberaichen|Leinfelden|Echterdingen,8005768,Stuttgart Flughafen/Messe,Baden-Württemberg,Leinfelden-Echterdingen,70629,9.193411574,48.69075193,4,2605271506,,2605271506,,h,1,Störung,,,,,c,c,29.0,28.0
-6660169013356802205-2605271433-2,7238,2605271437,2605271438,2,,S,S2,Filderstadt,8005768,Stuttgart Flughafen/Messe,Baden-Württemberg,Leinfelden-Echterdingen,70629,9.193411574,48.69075193,4,2605271437,,2605271438,,h,1,Störung,,,,,,,0.0,0.0
-4819270473812152373-2605271417-11,28406,2605271444,2605271444,3,,S,S4,Stuttgart Schwabstr.|Stuttgart Feuersee|Stuttgart Stadtmitte|Stuttgart Hbf (tief)|Stuttgart Nordbahnhof|Stuttgart-Feuerbach|Stuttgart-Zuffenhausen|Kornwestheim Pbf|Ludwigsburg|Favoritepark,8002065,Freiberg (Neckar),Baden-Württemberg,Freiberg am Neckar,71691,9.197530085,48.92994974,5,2605271457,,2605271457,,h,1,Störung,,,,,c,c,13.0,13.0
7531750134200071940-2605271347-11,28404,2605271414,2605271414,3,,S,S4,Stuttgart Schwabstr.|Stuttgart Feuersee|Stuttgart Stadtmitte|Stuttgart Hbf (tief)|Stuttgart Nordbahnhof|Stuttgart-Feuerbach|Stuttgart-Zuffenhausen|Kornwestheim Pbf|Ludwigsburg|Favoritepark,8002065,Freiberg (Neckar),Baden-Württemberg,Freiberg am Neckar,71691,9.197530085,48.92994974,5,2605271414,,2605271414,,,,,,,,,,,0.0,0.0
-2716364704866871625-2605271410-3,28403,2605271415,2605271416,2,,S,S4,Marbach(Neckar)|Benningen(Neckar),8002065,Freiberg (Neckar),Baden-Württemberg,Freiberg am Neckar,71691,9.197530085,48.92994974,5,2605271416,,2605271417,,h,1,Störung,,,,,,,1.0,1.0
-6549272114727686147-2605271403-7,7439,2605271430,2605271431,2,,S,S4,Backnang|Burgstall(Murr)|Kirchberg(Murr)|Erdmannhausen|Marbach(Neckar)|Benningen(Neckar),8002065,Freiberg (Neckar),Baden-Württemberg,Freiberg am Neckar,71691,9.197530085,48.92994974,5,2605271445,,2605271446,,h,1,Störung,,,,,,,15.0,15.0
-6501025132250133137-2605271432-11,7436,2605271459,2605271459,3,,S,S4,Stuttgart Schwabstr.|Stuttgart Feuersee|Stuttgart Stadtmitte|Stuttgart Hbf (tief)|Stuttgart Nordbahnhof|Stuttgart-Feuerbach|Stuttgart-Zuffenhausen|Kornwestheim Pbf|Ludwigsburg|Favoritepark,8002065,Freiberg (Neckar),Baden-Württemberg,Freiberg am Neckar,71691,9.197530085,48.92994974,5,2605271505,,2605271506,,h,1,Störung,,,,,,,6.0,7.0
-8102573765579059783-2605271440-3,28405,2605271445,2605271446,2,,S,S4,Marbach(Neckar)|Benningen(Neckar),8002065,Freiberg (Neckar),Baden-Württemberg,Freiberg am Neckar,71691,9.197530085,48.92994974,5,2605271448,,2605271448,,h,1,Störung,,,,,,,3.0,2.0
1310498941862652561-2605271402-11,7434,2605271429,2605271429,3,,S,S4,Stuttgart Schwabstr.|Stuttgart Feuersee|Stuttgart Stadtmitte|Stuttgart Hbf (tief)|Stuttgart Nordbahnhof|Stuttgart-Feuerbach|Stuttgart-Zuffenhausen|Kornwestheim Pbf|Ludwigsburg|Favoritepark,8002065,Freiberg (Neckar),Baden-Württemberg,Freiberg am Neckar,71691,9.197530085,48.92994974,5,2605271430,,2605271431,,h,1,Störung,,,,,,,1.0,2.0
3618335699656372385-2605271333-7,7437,2605271400,2605271401,2,,S,S4,Backnang|Burgstall(Murr)|Kirchberg(Murr)|Erdmannhausen|Marbach(Neckar)|Benningen(Neckar),8002065,Freiberg (Neckar),Baden-Württemberg,Freiberg am Neckar,71691,9.197530085,48.92994974,5,2605271401,,2605271401,,h,1,Störung,,,,,,,1.0,0.0
1483937347162480380-2605271431-3,7738,2605271437,2605271437,2,,S,S1,Herrenberg|Nufringen,8002165,Gärtringen,Baden-Württemberg,Gärtringen,71116,8.908864487,48.64080021,5,2605271437,,2605271437,,h,1,Störung,,,,,,,0.0,0.0
5941834571298649161-2605271320-27,7137,2605271437,2605271437,1,,S,S1,Kirchheim(Teck)|Kirchheim(Teck)-Ötlingen|Wendlingen(Neckar)|Wernau(Neckar)|Plochingen|Altbach|Esslingen-Zell|Oberesslingen|Esslingen(Neckar)|Esslingen-Mettingen|Stuttgart-Obertürkheim|Stuttgart-Untertürkheim|Stuttgart Neckarpark|Stuttgart-Bad Cannstatt|Stuttgart Hbf (tief)|Stuttgart Stadtmitte|Stuttgart Feuersee|Stuttgart Schwabstr.|Stuttgart Universität|Stuttgart-Österfeld|Stuttgart-Vaihingen|Stuttgart-Rohr|Goldberg(Württ)|Böblingen|Hulb|Ehningen(b Böblingen),8002165,Gärtringen,Baden-Württemberg,Gärtringen,71116,8.908864487,48.64080021,5,2605271509,,2605271510,,h,1,Störung,,,Kirchheim(Teck)|Kirchheim(Teck)-Ötlingen|Wendlingen(Neckar)|Wernau(Neckar)|Plochingen|Altbach|Esslingen-Zell|Oberesslingen|Esslingen(Neckar)|Esslingen-Mettingen|Stuttgart-Obertürkheim|Stuttgart-Untertürkheim|Stuttgart Neckarpark|Stuttgart-Bad Cannstatt|Stuttgart Hbf (tief)|Stuttgart Stadtmitte|Stuttgart Feuersee|Stuttgart Schwabstr.|Stuttgart Universität|Stuttgart-Österfeld|Stuttgart-Vaihingen|Stuttgart-Rohr|Goldberg(Württ)|Böblingen|Hulb|Ehningen(b Böblingen),Nufringen|Herrenberg,c,c,32.0,33.0
1692997485605395662-2605271250-27,7135,2605271407,2605271407,1,,S,S1,Kirchheim(Teck)|Kirchheim(Teck)-Ötlingen|Wendlingen(Neckar)|Wernau(Neckar)|Plochingen|Altbach|Esslingen-Zell|Oberesslingen|Esslingen(Neckar)|Esslingen-Mettingen|Stuttgart-Obertürkheim|Stuttgart-Untertürkheim|Stuttgart Neckarpark|Stuttgart-Bad Cannstatt|Stuttgart Hbf (tief)|Stuttgart Stadtmitte|Stuttgart Feuersee|Stuttgart Schwabstr.|Stuttgart Universität|Stuttgart-Österfeld|Stuttgart-Vaihingen|Stuttgart-Rohr|Goldberg(Württ)|Böblingen|Hulb|Ehningen(b Böblingen),8002165,Gärtringen,Baden-Württemberg,Gärtringen,71116,8.908864487,48.64080021,5,2605271407,,2605271407,,,,,,,,,,,0.0,0.0
4368264823792479342-2605271416-3,7140,2605271422,2605271422,2,,S,S1,Herrenberg|Nufringen,8002165,Gärtringen,Baden-Württemberg,Gärtringen,71116,8.908864487,48.64080021,5,2605271422,,2605271423,,h,1,Störung,,,,,,,0.0,1.0
6975060148484130926-2605271322-23,7737,2605271422,2605271422,1,,S,S1,Plochingen|Altbach|Esslingen-Zell|Oberesslingen|Esslingen(Neckar)|Esslingen-Mettingen|Stuttgart-Obertürkheim|Stuttgart-Untertürkheim|Stuttgart Neckarpark|Stuttgart-Bad Cannstatt|Stuttgart Hbf (tief)|Stuttgart Stadtmitte|Stuttgart Feuersee|Stuttgart Schwabstr.|Stuttgart Universität|Stuttgart-Österfeld|Stuttgart-Vaihingen|Stuttgart-Rohr|Goldberg(Württ)|Böblingen|Hulb|Ehningen(b Böblingen),8002165,Gärtringen,Baden-Württemberg,Gärtringen,71116,8.908864487,48.64080021,5,2605271423,,2605271424,,h,1,Störung,,,,,,,1.0,2.0
-1448566218874371491-2605271401-3,7736,2605271407,2605271407,2,,S,S1,Herrenberg|Nufringen,8002165,Gärtringen,Baden-Württemberg,Gärtringen,71116,8.908864487,48.64080021,5,2605271407,,2605271407,,h,1,Störung,,,,,,,0.0,0.0
-5362237697829977230-2605271446-3,7142,2605271452,2605271452,2,,S,S1,Herrenberg|Nufringen,8002165,Gärtringen,Baden-Württemberg,Gärtringen,71116,8.908864487,48.64080021,5,2605271452,,2605271453,,h,1,Störung,,,,,,,0.0,1.0
-8630800119482065054-2605271433-4,7837,2605271440,2605271441,1,,S,S2,Schorndorf|Weiler(Rems)|Winterbach(b Schorndorf),8002240,Geradstetten,Baden-Württemberg,Remshalden,73630,9.439522346,48.80527689,5,2605271440,,2605271441,,h,1,Störung,,,,,,,0.0,0.0
-5065266161330824658-2605271348-24,7836,2605271447,2605271447,2,,S,S2,Filderstadt|Stuttgart Flughafen/Messe|Echterdingen|Leinfelden|Oberaichen|Stuttgart-Rohr|Stuttgart-Vaihingen|Stuttgart-Österfeld|Stuttgart Universität|Stuttgart Schwabstr.|Stuttgart Feuersee|Stuttgart Stadtmitte|Stuttgart Hbf (tief)|Stuttgart-Bad Cannstatt|Stuttgart Nürnberger Str.|Stuttgart-Sommerrain|Fellbach|Waiblingen|Rommelshausen|Stetten-Beinstein|Endersbach|Beutelsbach|Grunbach,8002240,Geradstetten,Baden-Württemberg,Remshalden,73630,9.439522346,48.80527689,5,2605271449,,2605271449,,h,1,Störung,,,,,,,2.0,2.0
-955797221433152779-2605271333-24,7234,2605271432,2605271432,2,,S,S2,Filderstadt|Stuttgart Flughafen/Messe|Echterdingen|Leinfelden|Oberaichen|Stuttgart-Rohr|Stuttgart-Vaihingen|Stuttgart-Österfeld|Stuttgart Universität|Stuttgart Schwabstr.|Stuttgart Feuersee|Stuttgart Stadtmitte|Stuttgart Hbf (tief)|Stuttgart-Bad Cannstatt|Stuttgart Nürnberger Str.|Stuttgart-Sommerrain|Fellbach|Waiblingen|Rommelshausen|Stetten-Beinstein|Endersbach|Beutelsbach|Grunbach,8002240,Geradstetten,Baden-Württemberg,Remshalden,73630,9.439522346,48.80527689,5,2605271435,,2605271435,,h,1,Störung,,,,,,,3.0,3.0
-5955272615429035569-2605271418-4,7241,2605271425,2605271426,1,,S,S2,Schorndorf|Weiler(Rems)|Winterbach(b Schorndorf),8002240,Geradstetten,Baden-Württemberg,Remshalden,73630,9.439522346,48.80527689,5,2605271426,,2605271427,,h,1,Störung,,,,,,,1.0,1.0
3892636712455777835-2605271318-24,7834,2605271417,2605271417,2,,S,S2,Filderstadt|Stuttgart Flughafen/Messe|Echterdingen|Leinfelden|Oberaichen|Stuttgart-Rohr|Stuttgart-Vaihingen|Stuttgart-Österfeld|Stuttgart Universität|Stuttgart Schwabstr.|Stuttgart Feuersee|Stuttgart Stadtmitte|Stuttgart Hbf (tief)|Stuttgart-Bad Cannstatt|Stuttgart Nürnberger Str.|Stuttgart-Sommerrain|Fellbach|Waiblingen|Rommelshausen|Stetten-Beinstein|Endersbach|Beutelsbach|Grunbach,8002240,Geradstetten,Baden-Württemberg,Remshalden,73630,9.439522346,48.80527689,5,2605271419,,2605271419,,,,,,,,,,,2.0,2.0
7595320018735091452-2605271303-24,7232,2605271402,2605271402,2,,S,S2,Filderstadt|Stuttgart Flughafen/Messe|Echterdingen|Leinfelden|Oberaichen|Stuttgart-Rohr|Stuttgart-Vaihingen|Stuttgart-Österfeld|Stuttgart Universität|Stuttgart Schwabstr.|Stuttgart Feuersee|Stuttgart Stadtmitte|Stuttgart Hbf (tief)|Stuttgart-Bad Cannstatt|Stuttgart Nürnberger Str.|Stuttgart-Sommerrain|Fellbach|Waiblingen|Rommelshausen|Stetten-Beinstein|Endersbach|Beutelsbach|Grunbach,8002240,Geradstetten,Baden-Württemberg,Remshalden,73630,9.439522346,48.80527689,5,2605271403,,2605271404,,,,,,,,,,,1.0,2.0
-3934810304618796517-2605271448-4,7243,2605271455,2605271456,1,,S,S2,Schorndorf|Weiler(Rems)|Winterbach(b Schorndorf),8002240,Geradstetten,Baden-Württemberg,Remshalden,73630,9.439522346,48.80527689,5,2605271455,,2605271456,,h,1,Störung,,,,,,,0.0,0.0
988265121258628834-2605271403-4,7835,2605271410,2605271411,1,,S,S2,Schorndorf|Weiler(Rems)|Winterbach(b Schorndorf),8002240,Geradstetten,Baden-Württemberg,Remshalden,73630,9.439522346,48.80527689,5,2605271412,,2605271412,,h,1,Störung,,,,,,,2.0,1.0
1483937347162480380-2605271431-7,7738,2605271447,2605271447,2,,S,S1,Herrenberg|Nufringen|Gärtringen|Ehningen(b Böblingen)|Hulb|Böblingen,8005201,Goldberg,Baden-Württemberg,Böblingen,71032,9.019733387,48.69651581,5,2605271447,,2605271448,,h,1,Störung,,,,,,,0.0,1.0
-1478657606619347355-2605271352-19,7739,2605271442,2605271442,1,,S,S1,Plochingen|Altbach|Esslingen-Zell|Oberesslingen|Esslingen(Neckar)|Esslingen-Mettingen|Stuttgart-Obertürkheim|Stuttgart-Untertürkheim|Stuttgart Neckarpark|Stuttgart-Bad Cannstatt|Stuttgart Hbf (tief)|Stuttgart Stadtmitte|Stuttgart Feuersee|Stuttgart Schwabstr.|Stuttgart Universität|Stuttgart-Österfeld|Stuttgart-Vaihingen|Stuttgart-Rohr,8005201,Goldberg,Baden-Württemberg,Böblingen,71032,9.019733387,48.69651581,5,2605271455,,2605271456,,h,1,Störung,,,,,,,13.0,14.0
6042905361873535715-2605271346-7,7138,2605271402,2605271402,2,,S,S1,Herrenberg|Nufringen|Gärtringen|Ehningen(b Böblingen)|Hulb|Böblingen,8005201,Goldberg,Baden-Württemberg,Böblingen,71032,9.019733387,48.69651581,5,2605271409,,2605271409,,h,1,Störung,,,,,,,7.0,7.0
5941834571298649161-2605271320-23,7137,2605271427,2605271427,1,,S,S1,Kirchheim(Teck)|Kirchheim(Teck)-Ötlingen|Wendlingen(Neckar)|Wernau(Neckar)|Plochingen|Altbach|Esslingen-Zell|Oberesslingen|Esslingen(Neckar)|Esslingen-Mettingen|Stuttgart-Obertürkheim|Stuttgart-Untertürkheim|Stuttgart Neckarpark|Stuttgart-Bad Cannstatt|Stuttgart Hbf (tief)|Stuttgart Stadtmitte|Stuttgart Feuersee|Stuttgart Schwabstr.|Stuttgart Universität|Stuttgart-Österfeld|Stuttgart-Vaihingen|Stuttgart-Rohr,8005201,Goldberg,Baden-Württemberg,Böblingen,71032,9.019733387,48.69651581,5,2605271503,,2605271505,,h,1,Störung,,,Kirchheim(Teck)|Kirchheim(Teck)-Ötlingen|Wendlingen(Neckar)|Wernau(Neckar)|Plochingen|Altbach|Esslingen-Zell|Oberesslingen|Esslingen(Neckar)|Esslingen-Mettingen|Stuttgart-Obertürkheim|Stuttgart-Untertürkheim|Stuttgart Neckarpark|Stuttgart-Bad Cannstatt|Stuttgart Hbf (tief)|Stuttgart Stadtmitte|Stuttgart Feuersee|Stuttgart Schwabstr.|Stuttgart Universität|Stuttgart-Österfeld|Stuttgart-Vaihingen|Stuttgart-Rohr,Böblingen|Hulb|Ehningen(b Böblingen)|Gärtringen|Nufringen|Herrenberg,,,36.0,38.0
4368264823792479342-2605271416-7,7140,2605271432,2605271432,2,,S,S1,Herrenberg|Nufringen|Gärtringen|Ehningen(b Böblingen)|Hulb|Böblingen,8005201,Goldberg,Baden-Württemberg,Böblingen,71032,9.019733387,48.69651581,5,2605271432,,2605271433,,h,1,Störung,,,,,,,0.0,1.0
6975060148484130926-2605271322-19,7737,2605271412,2605271412,1,,S,S1,Plochingen|Altbach|Esslingen-Zell|Oberesslingen|Esslingen(Neckar)|Esslingen-Mettingen|Stuttgart-Obertürkheim|Stuttgart-Untertürkheim|Stuttgart Neckarpark|Stuttgart-Bad Cannstatt|Stuttgart Hbf (tief)|Stuttgart Stadtmitte|Stuttgart Feuersee|Stuttgart Schwabstr.|Stuttgart Universität|Stuttgart-Österfeld|Stuttgart-Vaihingen|Stuttgart-Rohr,8005201,Goldberg,Baden-Württemberg,Böblingen,71032,9.019733387,48.69651581,5,2605271412,,2605271413,,h,1,Störung,,,,,,,0.0,1.0
-1448566218874371491-2605271401-7,7736,2605271417,2605271417,2,,S,S1,Herrenberg|Nufringen|Gärtringen|Ehningen(b Böblingen)|Hulb|Böblingen,8005201,Goldberg,Baden-Württemberg,Böblingen,71032,9.019733387,48.69651581,5,2605271417,,2605271418,,h,1,Störung,,,,,,,0.0,1.0
7004552740739658779-2605271350-23,7139,2605271457,2605271457,1,,S,S1,Kirchheim(Teck)|Kirchheim(Teck)-Ötlingen|Wendlingen(Neckar)|Wernau(Neckar)|Plochingen|Altbach|Esslingen-Zell|Oberesslingen|Esslingen(Neckar)|Esslingen-Mettingen|Stuttgart-Obertürkheim|Stuttgart-Untertürkheim|Stuttgart Neckarpark|Stuttgart-Bad Cannstatt|Stuttgart Hbf (tief)|Stuttgart Stadtmitte|Stuttgart Feuersee|Stuttgart Schwabstr.|Stuttgart Universität|Stuttgart-Österfeld|Stuttgart-Vaihingen|Stuttgart-Rohr,8005201,Goldberg,Baden-Württemberg,Böblingen,71032,9.019733387,48.69651581,5,2605271511,,2605271512,,h,1,Störung,,,,,,,14.0,15.0
-8630800119482065054-2605271433-5,7837,2605271442,2605271443,2,,S,S2,Schorndorf|Weiler(Rems)|Winterbach(b Schorndorf)|Geradstetten,8002448,Grunbach,Baden-Württemberg,Remshalden,73630,9.419580601,48.810414,4,2605271442,,2605271443,,h,1,Störung,,,,,,,0.0,0.0
-5065266161330824658-2605271348-23,7836,2605271445,2605271445,3,,S,S2,Filderstadt|Stuttgart Flughafen/Messe|Echterdingen|Leinfelden|Oberaichen|Stuttgart-Rohr|Stuttgart-Vaihingen|Stuttgart-Österfeld|Stuttgart Universität|Stuttgart Schwabstr.|Stuttgart Feuersee|Stuttgart Stadtmitte|Stuttgart Hbf (tief)|Stuttgart-Bad Cannstatt|Stuttgart Nürnberger Str.|Stuttgart-Sommerrain|Fellbach|Waiblingen|Rommelshausen|Stetten-Beinstein|Endersbach|Beutelsbach,8002448,Grunbach,Baden-Württemberg,Remshalden,73630,9.419580601,48.810414,4,2605271447,,2605271447,,h,1,Störung,,,,,,,2.0,2.0
-955797221433152779-2605271333-23,7234,2605271430,2605271430,3,,S,S2,Filderstadt|Stuttgart Flughafen/Messe|Echterdingen|Leinfelden|Oberaichen|Stuttgart-Rohr|Stuttgart-Vaihingen|Stuttgart-Österfeld|Stuttgart Universität|Stuttgart Schwabstr.|Stuttgart Feuersee|Stuttgart Stadtmitte|Stuttgart Hbf (tief)|Stuttgart-Bad Cannstatt|Stuttgart Nürnberger Str.|Stuttgart-Sommerrain|Fellbach|Waiblingen|Rommelshausen|Stetten-Beinstein|Endersbach|Beutelsbach,8002448,Grunbach,Baden-Württemberg,Remshalden,73630,9.419580601,48.810414,4,2605271433,,2605271433,,h,1,Störung,,,,,,,3.0,3.0
-5955272615429035569-2605271418-5,7241,2605271427,2605271428,2,,S,S2,Schorndorf|Weiler(Rems)|Winterbach(b Schorndorf)|Geradstetten,8002448,Grunbach,Baden-Württemberg,Remshalden,73630,9.419580601,48.810414,4,2605271428,,2605271429,,h,1,Störung,,,,,,,1.0,1.0
3892636712455777835-2605271318-23,7834,2605271415,2605271415,3,,S,S2,Filderstadt|Stuttgart Flughafen/Messe|Echterdingen|Leinfelden|Oberaichen|Stuttgart-Rohr|Stuttgart-Vaihingen|Stuttgart-Österfeld|Stuttgart Universität|Stuttgart Schwabstr.|Stuttgart Feuersee|Stuttgart Stadtmitte|Stuttgart Hbf (tief)|Stuttgart-Bad Cannstatt|Stuttgart Nürnberger Str.|Stuttgart-Sommerrain|Fellbach|Waiblingen|Rommelshausen|Stetten-Beinstein|Endersbach|Beutelsbach,8002448,Grunbach,Baden-Württemberg,Remshalden,73630,9.419580601,48.810414,4,2605271417,,2605271417,,,,,,,,,,,2.0,2.0
7595320018735091452-2605271303-23,7232,2605271400,2605271400,3,,S,S2,Filderstadt|Stuttgart Flughafen/Messe|Echterdingen|Leinfelden|Oberaichen|Stuttgart-Rohr|Stuttgart-Vaihingen|Stuttgart-Österfeld|Stuttgart Universität|Stuttgart Schwabstr.|Stuttgart Feuersee|Stuttgart Stadtmitte|Stuttgart Hbf (tief)|Stuttgart-Bad Cannstatt|Stuttgart Nürnberger Str.|Stuttgart-Sommerrain|Fellbach|Waiblingen|Rommelshausen|Stetten-Beinstein|Endersbach|Beutelsbach,8002448,Grunbach,Baden-Württemberg,Remshalden,73630,9.419580601,48.810414,4,2605271401,,2605271402,,,,,,,,,,,1.0,2.0
-3934810304618796517-2605271448-5,7243,2605271457,2605271458,2,,S,S2,Schorndorf|Weiler(Rems)|Winterbach(b Schorndorf)|Geradstetten,8002448,Grunbach,Baden-Württemberg,Remshalden,73630,9.419580601,48.810414,4,2605271457,,2605271458,,h,1,Störung,,,,,,,0.0,0.0
988265121258628834-2605271403-5,7835,2605271412,2605271413,2,,S,S2,Schorndorf|Weiler(Rems)|Winterbach(b Schorndorf)|Geradstetten,8002448,Grunbach,Baden-Württemberg,Remshalden,73630,9.419580601,48.810414,4,2605271414,,2605271414,,h,1,Störung,,,,,,,2.0,1.0
1483937347162480380-2605271431-1,7738,,2605271431,,,S,S1,,8002785,Herrenberg,Baden-Württemberg,Herrenberg,71083,8.862625253,48.59395697,3,,,2605271431,,h,1,Störung,,,,,,,0.0,0.0
-3278175793938707021-2605271341-10,22797,2605271411,,102,,RB,,Tübingen Hbf|Tübingen West|Unterjesingen Sandäcker|Unterjesingen Mitte|Pfäffingen|Entringen|Altingen(Württ)|Gültstein|Herrenberg Zwerchweg,8002785,Herrenberg,Baden-Württemberg,Herrenberg,71083,8.862625253,48.59395697,3,2605271411,,,,,,,,,,,,,0.0,0.0
-1478657606619347355-2605271352-21,7739,2605271453,,3,,S,,Plochingen|Altbach|Esslingen-Zell|Oberesslingen|Esslingen(Neckar)|Esslingen-Mettingen|Stuttgart-Obertürkheim|Stuttgart-Untertürkheim|Stuttgart Neckarpark|Stuttgart-Bad Cannstatt|Stuttgart Hbf (tief)|Stuttgart Stadtmitte|Stuttgart Feuersee|Stuttgart Schwabstr.|Stuttgart Universität|Stuttgart-Österfeld|Stuttgart-Vaihingen|Stuttgart-Rohr|Goldberg(Württ)|Böblingen,8002785,Herrenberg,Baden-Württemberg,Herrenberg,71083,8.862625253,48.59395697,3,2605271507,2,,,h,1,Störung,,,,,,,14.0,0.0
5941834571298649161-2605271320-29,7137,2605271444,,3,,S,,Kirchheim(Teck)|Kirchheim(Teck)-Ötlingen|Wendlingen(Neckar)|Wernau(Neckar)|Plochingen|Altbach|Esslingen-Zell|Oberesslingen|Esslingen(Neckar)|Esslingen-Mettingen|Stuttgart-Obertürkheim|Stuttgart-Untertürkheim|Stuttgart Neckarpark|Stuttgart-Bad Cannstatt|Stuttgart Hbf (tief)|Stuttgart Stadtmitte|Stuttgart Feuersee|Stuttgart Schwabstr.|Stuttgart Universität|Stuttgart-Österfeld|Stuttgart-Vaihingen|Stuttgart-Rohr|Goldberg(Württ)|Böblingen|Hulb|Ehningen(b Böblingen)|Gärtringen|Nufringen,8002785,Herrenberg,Baden-Württemberg,Herrenberg,71083,8.862625253,48.59395697,3,2605271516,,,,h,1,Störung,,,Kirchheim(Teck)|Kirchheim(Teck)-Ötlingen|Wendlingen(Neckar)|Wernau(Neckar)|Plochingen|Altbach|Esslingen-Zell|Oberesslingen|Esslingen(Neckar)|Esslingen-Mettingen|Stuttgart-Obertürkheim|Stuttgart-Untertürkheim|Stuttgart Neckarpark|Stuttgart-Bad Cannstatt|Stuttgart Hbf (tief)|Stuttgart Stadtmitte|Stuttgart Feuersee|Stuttgart Schwabstr.|Stuttgart Universität|Stuttgart-Österfeld|Stuttgart-Vaihingen|Stuttgart-Rohr|Goldberg(Württ)|Böblingen|Hulb|Ehningen(b Böblingen)|Gärtringen|Nufringen,,c,,32.0,0.0
-489033413522074502-2605271419-1,22796,,2605271419,,,RB,RB63,,8002785,Herrenberg,Baden-Württemberg,Herrenberg,71083,8.862625253,48.59395697,3,,,2605271419,,,,,,,,,,,0.0,0.0
-6748820222065081438-2605271449-1,22800,,2605271449,,,RB,RB63,,8002785,Herrenberg,Baden-Württemberg,Herrenberg,71083,8.862625253,48.59395697,3,,,2605271449,,,,,,,,,,,0.0,0.0
1692997485605395662-2605271250-29,7135,2605271414,,3,,S,,Kirchheim(Teck)|Kirchheim(Teck)-Ötlingen|Wendlingen(Neckar)|Wernau(Neckar)|Plochingen|Altbach|Esslingen-Zell|Oberesslingen|Esslingen(Neckar)|Esslingen-Mettingen|Stuttgart-Obertürkheim|Stuttgart-Untertürkheim|Stuttgart Neckarpark|Stuttgart-Bad Cannstatt|Stuttgart Hbf (tief)|Stuttgart Stadtmitte|Stuttgart Feuersee|Stuttgart Schwabstr.|Stuttgart Universität|Stuttgart-Österfeld|Stuttgart-Vaihingen|Stuttgart-Rohr|Goldberg(Württ)|Böblingen|Hulb|Ehningen(b Böblingen)|Gärtringen|Nufringen,8002785,Herrenberg,Baden-Württemberg,Herrenberg,71083,8.862625253,48.59395697,3,2605271414,2,,,,,,,,,,,,0.0,0.0
2320528038482609437-2605271411-10,22801,2605271441,,102,,RB,,Tübingen Hbf|Tübingen West|Unterjesingen Sandäcker|Unterjesingen Mitte|Pfäffingen|Entringen|Altingen(Württ)|Gültstein|Herrenberg Zwerchweg,8002785,Herrenberg,Baden-Württemberg,Herrenberg,71083,8.862625253,48.59395697,3,2605271441,,,,,,,,,,,,,0.0,0.0
4368264823792479342-2605271416-1,7140,,2605271416,,,S,S1,,8002785,Herrenberg,Baden-Württemberg,Herrenberg,71083,8.862625253,48.59395697,3,,,2605271416,3,h,1,Störung,,,,,,,0.0,0.0
6975060148484130926-2605271322-25,7737,2605271429,,3,,S,,Plochingen|Altbach|Esslingen-Zell|Oberesslingen|Esslingen(Neckar)|Esslingen-Mettingen|Stuttgart-Obertürkheim|Stuttgart-Untertürkheim|Stuttgart Neckarpark|Stuttgart-Bad Cannstatt|Stuttgart Hbf (tief)|Stuttgart Stadtmitte|Stuttgart Feuersee|Stuttgart Schwabstr.|Stuttgart Universität|Stuttgart-Österfeld|Stuttgart-Vaihingen|Stuttgart-Rohr|Goldberg(Württ)|Böblingen|Hulb|Ehningen(b Böblingen)|Gärtringen|Nufringen,8002785,Herrenberg,Baden-Württemberg,Herrenberg,71083,8.862625253,48.59395697,3,2605271430,,,,h,1,Störung,,,,,,,1.0,0.0
741299647555358187-2605271418-3,17645,2605271448,2605271448,4,,RE,RE14b,Stuttgart Hbf|Böblingen,8002785,Herrenberg,Baden-Württemberg,Herrenberg,71083,8.862625253,48.59395697,3,2605271452,,2605271452,,,,,,,,,,,4.0,4.0
-1448566218874371491-2605271401-1,7736,,2605271401,,,S,S1,,8002785,Herrenberg,Baden-Württemberg,Herrenberg,71083,8.862625253,48.59395697,3,,,2605271401,,h,1,Störung,,,,,,,0.0,0.0
-1906058467950325249-2605271418-3,17647,2605271448,2605271448,4,,RE,RE14a,Stuttgart Hbf|Böblingen,8002785,Herrenberg,Baden-Württemberg,Herrenberg,71083,8.862625253,48.59395697,3,2605271452,,2605271452,,,,,,,,,,,4.0,4.0
-5362237697829977230-2605271446-1,7142,,2605271446,,,S,S1,,8002785,Herrenberg,Baden-Württemberg,Herrenberg,71083,8.862625253,48.59395697,3,,,2605271446,,h,1,Störung,,,,,,,0.0,0.0
-1423905355620272793-2605271137-13,488,2605271411,2605271411,1,,IC,,Zürich HB|Schaffhausen|Singen(Hohentwiel)|Engen|Tuttlingen|Spaichingen|Rottweil|Oberndorf(Neckar)|Sulz(Neckar)|Horb|Bondorf(b Herrenberg)|Gäufelden,8002785,Herrenberg,Baden-Württemberg,Herrenberg,71083,8.862625253,48.59395697,3,2605271428,,2605271429,,h,1,Information,,,,,c,c,17.0,18.0
-2019889868797031276-2605271418-1,17643,,2605271418,,,RB,RE14a,,8002785,Herrenberg,Baden-Württemberg,Herrenberg,71083,8.862625253,48.59395697,3,,,,,,,,,,,,,c,0.0,0.0
1943236977660444610-2605271235-11,50488,2605271411,2605271411,1,,RE,IC87,Singen(Hohentwiel)|Engen|Tuttlingen|Spaichingen|Rottweil|Oberndorf(Neckar)|Sulz(Neckar)|Horb|Bondorf(b Herrenberg)|Gäufelden,8002785,Herrenberg,Baden-Württemberg,Herrenberg,71083,8.862625253,48.59395697,3,2605271428,,2605271429,,h,1,Information,,,,,c,c,17.0,18.0
-5316665284018315725-2605271412-12,7636,2605271439,2605271439,2,,S,S6,Stuttgart Schwabstr.|Stuttgart Feuersee|Stuttgart Stadtmitte|Stuttgart Hbf (tief)|Stuttgart Nordbahnhof|Stuttgart-Feuerbach|Stuttgart-Zuffenhausen|Neuwirtshaus(Porscheplatz)|Korntal|Weilimdorf|Ditzingen,8002892,Höfingen,Baden-Württemberg,Leonberg,71229,9.026180834,48.81503436,5,2605271439,,2605271439,,h,1,Störung,,,,,,,0.0,0.0
1188384783134199026-2605271342-12,7634,2605271409,2605271409,2,,S,S6,Stuttgart Schwabstr.|Stuttgart Feuersee|Stuttgart Stadtmitte|Stuttgart Hbf (tief)|Stuttgart Nordbahnhof|Stuttgart-Feuerbach|Stuttgart-Zuffenhausen|Neuwirtshaus(Porscheplatz)|Korntal|Weilimdorf|Ditzingen,8002892,Höfingen,Baden-Württemberg,Leonberg,71229,9.026180834,48.81503436,5,2605271409,,2605271409,,,,,,,,,,,0.0,0.0
-4327327279162025655-2605271433-6,7641,2605271450,2605271451,1,,S,S6,Weil der Stadt|Malmsheim|Renningen|Rutesheim|Leonberg,8002892,Höfingen,Baden-Württemberg,Leonberg,71229,9.026180834,48.81503436,5,2605271506,,2605271507,,h,1,Störung,,,,,,,16.0,16.0
-2645153808296859604-2605271403-6,7639,2605271420,2605271421,1,,S,S6,Weil der Stadt|Malmsheim|Renningen|Rutesheim|Leonberg,8002892,Höfingen,Baden-Württemberg,Leonberg,71229,9.026180834,48.81503436,5,2605271428,,2605271429,,h,1,Störung,,,,,,,8.0,8.0
1483937347162480380-2605271431-5,7738,2605271443,2605271443,2,,S,S1,Herrenberg|Nufringen|Gärtringen|Ehningen(b Böblingen),8003022,Hulb,Baden-Württemberg,Böblingen-Hulb,71032,8.982396429,48.67924173,5,2605271443,,2605271443,,h,1,Störung,,,,,,,0.0,0.0
5941834571298649161-2605271320-25,7137,2605271431,2605271431,1,,S,S1,Kirchheim(Teck)|Kirchheim(Teck)-Ötlingen|Wendlingen(Neckar)|Wernau(Neckar)|Plochingen|Altbach|Esslingen-Zell|Oberesslingen|Esslingen(Neckar)|Esslingen-Mettingen|Stuttgart-Obertürkheim|Stuttgart-Untertürkheim|Stuttgart Neckarpark|Stuttgart-Bad Cannstatt|Stuttgart Hbf (tief)|Stuttgart Stadtmitte|Stuttgart Feuersee|Stuttgart Schwabstr.|Stuttgart Universität|Stuttgart-Österfeld|Stuttgart-Vaihingen|Stuttgart-Rohr|Goldberg(Württ)|Böblingen,8003022,Hulb,Baden-Württemberg,Böblingen-Hulb,71032,8.982396429,48.67924173,5,2605271503,,2605271503,,h,1,Störung,,,Kirchheim(Teck)|Kirchheim(Teck)-Ötlingen|Wendlingen(Neckar)|Wernau(Neckar)|Plochingen|Altbach|Esslingen-Zell|Oberesslingen|Esslingen(Neckar)|Esslingen-Mettingen|Stuttgart-Obertürkheim|Stuttgart-Untertürkheim|Stuttgart Neckarpark|Stuttgart-Bad Cannstatt|Stuttgart Hbf (tief)|Stuttgart Stadtmitte|Stuttgart Feuersee|Stuttgart Schwabstr.|Stuttgart Universität|Stuttgart-Österfeld|Stuttgart-Vaihingen|Stuttgart-Rohr|Goldberg(Württ)|Böblingen,Ehningen(b Böblingen)|Gärtringen|Nufringen|Herrenberg,c,c,32.0,32.0
1692997485605395662-2605271250-25,7135,2605271401,2605271401,1,,S,S1,Kirchheim(Teck)|Kirchheim(Teck)-Ötlingen|Wendlingen(Neckar)|Wernau(Neckar)|Plochingen|Altbach|Esslingen-Zell|Oberesslingen|Esslingen(Neckar)|Esslingen-Mettingen|Stuttgart-Obertürkheim|Stuttgart-Untertürkheim|Stuttgart Neckarpark|Stuttgart-Bad Cannstatt|Stuttgart Hbf (tief)|Stuttgart Stadtmitte|Stuttgart Feuersee|Stuttgart Schwabstr.|Stuttgart Universität|Stuttgart-Österfeld|Stuttgart-Vaihingen|Stuttgart-Rohr|Goldberg(Württ)|Böblingen,8003022,Hulb,Baden-Württemberg,Böblingen-Hulb,71032,8.982396429,48.67924173,5,2605271401,,2605271401,,,,,,,,,,,0.0,0.0
4368264823792479342-2605271416-5,7140,2605271428,2605271428,2,,S,S1,Herrenberg|Nufringen|Gärtringen|Ehningen(b Böblingen),8003022,Hulb,Baden-Württemberg,Böblingen-Hulb,71032,8.982396429,48.67924173,5,2605271428,,2605271428,,h,1,Störung,,,,,,,0.0,0.0
6975060148484130926-2605271322-21,7737,2605271416,2605271416,1,,S,S1,Plochingen|Altbach|Esslingen-Zell|Oberesslingen|Esslingen(Neckar)|Esslingen-Mettingen|Stuttgart-Obertürkheim|Stuttgart-Untertürkheim|Stuttgart Neckarpark|Stuttgart-Bad Cannstatt|Stuttgart Hbf (tief)|Stuttgart Stadtmitte|Stuttgart Feuersee|Stuttgart Schwabstr.|Stuttgart Universität|Stuttgart-Österfeld|Stuttgart-Vaihingen|Stuttgart-Rohr|Goldberg(Württ)|Böblingen,8003022,Hulb,Baden-Württemberg,Böblingen-Hulb,71032,8.982396429,48.67924173,5,2605271417,,2605271417,,h,1,Störung,,,,,,,1.0,1.0
-1448566218874371491-2605271401-5,7736,2605271413,2605271413,2,,S,S1,Herrenberg|Nufringen|Gärtringen|Ehningen(b Böblingen),8003022,Hulb,Baden-Württemberg,Böblingen-Hulb,71032,8.982396429,48.67924173,5,2605271413,,2605271413,,h,1,Störung,,,,,,,0.0,0.0
-5362237697829977230-2605271446-5,7142,2605271458,2605271458,2,,S,S1,Herrenberg|Nufringen|Gärtringen|Ehningen(b Böblingen),8003022,Hulb,Baden-Württemberg,Böblingen-Hulb,71032,8.982396429,48.67924173,5,2605271458,,2605271459,,h,1,Störung,,,,,,,0.0,1.0
-973893879459034223-2605271418-1,7838,,2605271418,,,S,S2,,8001984,Filderstadt,Baden-Württemberg,Filderstadt,70794,9.217581315,48.67649151,5,,,2605271418,,h,1,Störung,,,,,,,0.0,0.0
-5662537485265125812-2605271303-27,7831,2605271412,,2,,S,,Schorndorf|Weiler(Rems)|Winterbach(b Schorndorf)|Geradstetten|Grunbach|Beutelsbach|Endersbach|Stetten-Beinstein|Rommelshausen|Waiblingen|Fellbach|Stuttgart-Sommerrain|Stuttgart Nürnberger Str.|Stuttgart-Bad Cannstatt|Stuttgart Hbf (tief)|Stuttgart Stadtmitte|Stuttgart Feuersee|Stuttgart Schwabstr.|Stuttgart Universität|Stuttgart-Österfeld|Stuttgart-Vaihingen|Stuttgart-Rohr|Oberaichen|Leinfelden|Echterdingen|Stuttgart Flughafen/Messe,8001984,Filderstadt,Baden-Württemberg,Filderstadt,70794,9.217581315,48.67649151,5,2605271412,,,,,,,,,,,,,0.0,0.0
-8059892926335795903-2605271348-27,7239,2605271457,,1,,S,,Schorndorf|Weiler(Rems)|Winterbach(b Schorndorf)|Geradstetten|Grunbach|Beutelsbach|Endersbach|Stetten-Beinstein|Rommelshausen|Waiblingen|Fellbach|Stuttgart-Sommerrain|Stuttgart Nürnberger Str.|Stuttgart-Bad Cannstatt|Stuttgart Hbf (tief)|Stuttgart Stadtmitte|Stuttgart Feuersee|Stuttgart Schwabstr.|Stuttgart Universität|Stuttgart-Österfeld|Stuttgart-Vaihingen|Stuttgart-Rohr|Oberaichen|Leinfelden|Echterdingen|Stuttgart Flughafen/Messe,8001984,Filderstadt,Baden-Württemberg,Filderstadt,70794,9.217581315,48.67649151,5,2605271517,,,,h,1,Störung,,,,,c,,20.0,0.0
6223730688488220237-2605271318-27,7237,2605271427,,1,,S,,Schorndorf|Weiler(Rems)|Winterbach(b Schorndorf)|Geradstetten|Grunbach|Beutelsbach|Endersbach|Stetten-Beinstein|Rommelshausen|Waiblingen|Fellbach|Stuttgart-Sommerrain|Stuttgart Nürnberger Str.|Stuttgart-Bad Cannstatt|Stuttgart Hbf (tief)|Stuttgart Stadtmitte|Stuttgart Feuersee|Stuttgart Schwabstr.|Stuttgart Universität|Stuttgart-Österfeld|Stuttgart-Vaihingen|Stuttgart-Rohr|Oberaichen|Leinfelden|Echterdingen|Stuttgart Flughafen/Messe,8001984,Filderstadt,Baden-Württemberg,Filderstadt,70794,9.217581315,48.67649151,5,2605271455,,,,h,1,Störung,,,,,c,,28.0,0.0
4722913099516594953-2605271448-1,7840,,2605271448,,,S,S2,,8001984,Filderstadt,Baden-Württemberg,Filderstadt,70794,9.217581315,48.67649151,5,,,2605271508,,h,1,Störung,,,,,,c,0.0,20.0
-7476481686954670934-2605271403-1,7236,,2605271403,,,S,S2,,8001984,Filderstadt,Baden-Württemberg,Filderstadt,70794,9.217581315,48.67649151,5,,,2605271403,,h,1,Störung,,,,,,,0.0,0.0
5781587679873257611-2605271333-27,7833,2605271442,,2,,S,,Schorndorf|Weiler(Rems)|Winterbach(b Schorndorf)|Geradstetten|Grunbach|Beutelsbach|Endersbach|Stetten-Beinstein|Rommelshausen|Waiblingen|Fellbach|Stuttgart-Sommerrain|Stuttgart Nürnberger Str.|Stuttgart-Bad Cannstatt|Stuttgart Hbf (tief)|Stuttgart Stadtmitte|Stuttgart Feuersee|Stuttgart Schwabstr.|Stuttgart Universität|Stuttgart-Österfeld|Stuttgart-Vaihingen|Stuttgart-Rohr|Oberaichen|Leinfelden|Echterdingen|Stuttgart Flughafen/Messe,8001984,Filderstadt,Baden-Württemberg,Filderstadt,70794,9.217581315,48.67649151,5,2605271510,,,,h,1,Störung,,,,,c,,28.0,0.0
-6660169013356802205-2605271433-1,7238,,2605271433,,,S,S2,,8001984,Filderstadt,Baden-Württemberg,Filderstadt,70794,9.217581315,48.67649151,5,,,2605271433,,h,1,Störung,,,,,,,0.0,0.0
-4525949924591958884-2605271332-15,7432,2605271413,2605271413,2,,S,S4,Stuttgart Schwabstr.|Stuttgart Feuersee|Stuttgart Stadtmitte|Stuttgart Hbf (tief)|Stuttgart Nordbahnhof|Stuttgart-Feuerbach|Stuttgart-Zuffenhausen|Kornwestheim Pbf|Ludwigsburg|Favoritepark|Freiberg(Neckar)|Benningen(Neckar)|Marbach(Neckar)|Erdmannhausen,8003266,Kirchberg (Murr),Baden-Württemberg,Kirchberg an der Murr,71737,9.328210283,48.93928182,6,2605271427,,2605271429,,,,,,,,,,,14.0,16.0
-6549272114727686147-2605271403-3,7439,2605271411,2605271414,1,,S,S4,Backnang|Burgstall(Murr),8003266,Kirchberg (Murr),Baden-Württemberg,Kirchberg an der Murr,71737,9.328210283,48.93928182,6,2605271413,,2605271429,,h,1,Störung,,,,,,,2.0,15.0
195941745446539029-2605271433-3,7441,2605271441,2605271444,1,,S,S4,Backnang|Burgstall(Murr),8003266,Kirchberg (Murr),Baden-Württemberg,Kirchberg an der Murr,71737,9.328210283,48.93928182,6,2605271506,,2605271506,,h,1,Störung,,,,,,,25.0,22.0
1310498941862652561-2605271402-15,7434,2605271443,2605271443,2,,S,S4,Stuttgart Schwabstr.|Stuttgart Feuersee|Stuttgart Stadtmitte|Stuttgart Hbf (tief)|Stuttgart Nordbahnhof|Stuttgart-Feuerbach|Stuttgart-Zuffenhausen|Kornwestheim Pbf|Ludwigsburg|Favoritepark|Freiberg(Neckar)|Benningen(Neckar)|Marbach(Neckar)|Erdmannhausen,8003266,Kirchberg (Murr),Baden-Württemberg,Kirchberg an der Murr,71737,9.328210283,48.93928182,6,2605271502,,2605271503,,h,1,Störung,,,,,,,19.0,20.0
6860077973327279202-2605271316-29,7136,2605271439,,2,,S,,Herrenberg|Nufringen|Gärtringen|Ehningen(b Böblingen)|Hulb|Böblingen|Goldberg(Württ)|Stuttgart-Rohr|Stuttgart-Vaihingen|Stuttgart-Österfeld|Stuttgart Universität|Stuttgart Schwabstr.|Stuttgart Feuersee|Stuttgart Stadtmitte|Stuttgart Hbf (tief)|Stuttgart-Bad Cannstatt|Stuttgart Neckarpark|Stuttgart-Untertürkheim|Stuttgart-Obertürkheim|Esslingen-Mettingen|Esslingen(Neckar)|Oberesslingen|Esslingen-Zell|Altbach|Plochingen|Wernau(Neckar)|Wendlingen(Neckar)|Kirchheim(Teck)-Ötlingen,8003280,Kirchheim (Teck),Baden-Württemberg,Kirchheim unter Teck,73230,9.443872422,48.64415981,4,2605271440,,,,,,,,,,,,,1.0,0.0
-5490041423935091879-2605271246-29,7134,2605271409,,2,,S,,Herrenberg|Nufringen|Gärtringen|Ehningen(b Böblingen)|Hulb|Böblingen|Goldberg(Württ)|Stuttgart-Rohr|Stuttgart-Vaihingen|Stuttgart-Österfeld|Stuttgart Universität|Stuttgart Schwabstr.|Stuttgart Feuersee|Stuttgart Stadtmitte|Stuttgart Hbf (tief)|Stuttgart-Bad Cannstatt|Stuttgart Neckarpark|Stuttgart-Untertürkheim|Stuttgart-Obertürkheim|Esslingen-Mettingen|Esslingen(Neckar)|Oberesslingen|Esslingen-Zell|Altbach|Plochingen|Wernau(Neckar)|Wendlingen(Neckar)|Kirchheim(Teck)-Ötlingen,8003280,Kirchheim (Teck),Baden-Württemberg,Kirchheim unter Teck,73230,9.443872422,48.64415981,4,2605271409,,,,,,,,,,,,,0.0,0.0
-5972116360538966292-2605271354-7,37968,2605271412,,1,,RB,,Oberlenningen|Unterlenningen|Brucken|Owen(Teck)|Dettingen(Teck)|Kirchheim(Teck)Süd,8003280,Kirchheim (Teck),Baden-Württemberg,Kirchheim unter Teck,73230,9.443872422,48.64415981,4,2605271412,,,,,,,,,,,,,0.0,0.0
-275229670537218485-2605271450-1,7143,,2605271450,,,S,S1,,8003280,Kirchheim (Teck),Baden-Württemberg,Kirchheim unter Teck,73230,9.443872422,48.64415981,4,,,2605271450,,h,1,Störung,,,,,,,0.0,0.0
2747133335120931047-2605271417-1,37969,,2605271417,,,RB,RB64,,8003280,Kirchheim (Teck),Baden-Württemberg,Kirchheim unter Teck,73230,9.443872422,48.64415981,4,,,2605271419,,,,,,,,,,,0.0,2.0
7236638317671658556-2605271420-1,7141,,2605271420,,,S,S1,,8003280,Kirchheim (Teck),Baden-Württemberg,Kirchheim unter Teck,73230,9.443872422,48.64415981,4,,,2605271420,,h,1,Störung,,,,,,,0.0,0.0
6860077973327279202-2605271316-28,7136,2605271436,2605271437,1,,S,S1,Herrenberg|Nufringen|Gärtringen|Ehningen(b Böblingen)|Hulb|Böblingen|Goldberg(Württ)|Stuttgart-Rohr|Stuttgart-Vaihingen|Stuttgart-Österfeld|Stuttgart Universität|Stuttgart Schwabstr.|Stuttgart Feuersee|Stuttgart Stadtmitte|Stuttgart Hbf (tief)|Stuttgart-Bad Cannstatt|Stuttgart Neckarpark|Stuttgart-Untertürkheim|Stuttgart-Obertürkheim|Esslingen-Mettingen|Esslingen(Neckar)|Oberesslingen|Esslingen-Zell|Altbach|Plochingen|Wernau(Neckar)|Wendlingen(Neckar),8003282,Kirchheim (Teck)-Ötlingen,Baden-Württemberg,Kirchheim unter Teck,73230,9.416261302,48.65782388,5,2605271437,,2605271437,,,,,,,,,,,1.0,0.0
-5490041423935091879-2605271246-28,7134,2605271406,2605271407,1,,S,S1,Herrenberg|Nufringen|Gärtringen|Ehningen(b Böblingen)|Hulb|Böblingen|Goldberg(Württ)|Stuttgart-Rohr|Stuttgart-Vaihingen|Stuttgart-Österfeld|Stuttgart Universität|Stuttgart Schwabstr.|Stuttgart Feuersee|Stuttgart Stadtmitte|Stuttgart Hbf (tief)|Stuttgart-Bad Cannstatt|Stuttgart Neckarpark|Stuttgart-Untertürkheim|Stuttgart-Obertürkheim|Esslingen-Mettingen|Esslingen(Neckar)|Oberesslingen|Esslingen-Zell|Altbach|Plochingen|Wernau(Neckar)|Wendlingen(Neckar),8003282,Kirchheim (Teck)-Ötlingen,Baden-Württemberg,Kirchheim unter Teck,73230,9.416261302,48.65782388,5,2605271406,,2605271407,,,,,,,,,,,0.0,0.0
-275229670537218485-2605271450-2,7143,2605271453,2605271453,1,,S,S1,Kirchheim(Teck),8003282,Kirchheim (Teck)-Ötlingen,Baden-Württemberg,Kirchheim unter Teck,73230,9.416261302,48.65782388,5,2605271453,,2605271453,,h,1,Störung,,,,,,,0.0,0.0
7236638317671658556-2605271420-2,7141,2605271423,2605271423,1,,S,S1,Kirchheim(Teck),8003282,Kirchheim (Teck)-Ötlingen,Baden-Württemberg,Kirchheim unter Teck,73230,9.416261302,48.65782388,5,2605271423,,2605271423,,h,1,Störung,,,,,,,0.0,0.0
-5316665284018315725-2605271412-9,7636,2605271431,2605271431,1,,S,S6,Stuttgart Schwabstr.|Stuttgart Feuersee|Stuttgart Stadtmitte|Stuttgart Hbf (tief)|Stuttgart Nordbahnhof|Stuttgart-Feuerbach|Stuttgart-Zuffenhausen|Neuwirtshaus(Porscheplatz),8003409,Korntal,Baden-Württemberg,Korntal,70825,9.121099128,48.82640246,4,2605271431,,2605271432,,h,1,Störung,,,,,,,0.0,1.0
1188384783134199026-2605271342-9,7634,2605271401,2605271401,1,,S,S6,Stuttgart Schwabstr.|Stuttgart Feuersee|Stuttgart Stadtmitte|Stuttgart Hbf (tief)|Stuttgart Nordbahnhof|Stuttgart-Feuerbach|Stuttgart-Zuffenhausen|Neuwirtshaus(Porscheplatz),8003409,Korntal,Baden-Württemberg,Korntal,70825,9.121099128,48.82640246,4,2605271401,,2605271401,,,,,,,,,,,0.0,0.0
-4327327279162025655-2605271433-9,7641,2605271458,2605271459,3,,S,S6,Weil der Stadt|Malmsheim|Renningen|Rutesheim|Leonberg|Höfingen|Ditzingen|Weilimdorf,8003409,Korntal,Baden-Württemberg,Korntal,70825,9.121099128,48.82640246,4,2605271514,,2605271515,,h,1,Störung,,,,,,,16.0,16.0
-2645153808296859604-2605271403-9,7639,2605271428,2605271429,3,,S,S6,Weil der Stadt|Malmsheim|Renningen|Rutesheim|Leonberg|Höfingen|Ditzingen|Weilimdorf,8003409,Korntal,Baden-Württemberg,Korntal,70825,9.121099128,48.82640246,4,2605271436,,2605271437,,h,1,Störung,,,,,,,8.0,8.0
-8228587515374315120-2605271352-8,7536,2605271410,2605271410,4,,S,S5,Stuttgart Schwabstr.|Stuttgart Feuersee|Stuttgart Stadtmitte|Stuttgart Hbf (tief)|Stuttgart Nordbahnhof|Stuttgart-Feuerbach|Stuttgart-Zuffenhausen,8003411,Kornwestheim Pbf,Baden-Württemberg,Kornwestheim,70806,9.179967278,48.86215948,3,2605271410,,2605271411,,,,,,,,,,,0.0,1.0
-4819270473812152373-2605271417-8,28406,2605271435,2605271435,4,,S,S4,Stuttgart Schwabstr.|Stuttgart Feuersee|Stuttgart Stadtmitte|Stuttgart Hbf (tief)|Stuttgart Nordbahnhof|Stuttgart-Feuerbach|Stuttgart-Zuffenhausen,8003411,Kornwestheim Pbf,Baden-Württemberg,Kornwestheim,70806,9.179967278,48.86215948,3,2605271447,,2605271448,,h,1,Störung,,,,,,,12.0,13.0
7531750134200071940-2605271347-8,28404,2605271405,2605271405,4,,S,S4,Stuttgart Schwabstr.|Stuttgart Feuersee|Stuttgart Stadtmitte|Stuttgart Hbf (tief)|Stuttgart Nordbahnhof|Stuttgart-Feuerbach|Stuttgart-Zuffenhausen,8003411,Kornwestheim Pbf,Baden-Württemberg,Kornwestheim,70806,9.179967278,48.86215948,3,2605271405,,2605271405,,,,,,,,,,,0.0,0.0
7922855139158603560-2605271407-5,7539,2605271419,2605271420,3,,S,S5,Bietigheim-Bissingen|Tamm(Württ)|Asperg|Ludwigsburg,8003411,Kornwestheim Pbf,Baden-Württemberg,Kornwestheim,70806,9.179967278,48.86215948,3,2605271420,,2605271421,,h,1,Störung,,,,,,,1.0,1.0
-2716364704866871625-2605271410-6,28403,2605271424,2605271425,3,,S,S4,Marbach(Neckar)|Benningen(Neckar)|Freiberg(Neckar)|Favoritepark|Ludwigsburg,8003411,Kornwestheim Pbf,Baden-Württemberg,Kornwestheim,70806,9.179967278,48.86215948,3,2605271425,,2605271426,,h,1,Störung,,,,,,,1.0,1.0
-6549272114727686147-2605271403-10,7439,2605271439,2605271440,3,,S,S4,Backnang|Burgstall(Murr)|Kirchberg(Murr)|Erdmannhausen|Marbach(Neckar)|Benningen(Neckar)|Freiberg(Neckar)|Favoritepark|Ludwigsburg,8003411,Kornwestheim Pbf,Baden-Württemberg,Kornwestheim,70806,9.179967278,48.86215948,3,2605271456,,2605271456,,h,1,Störung,,,,,,,17.0,16.0
6483046306664196939-2605271437-8,28474,2605271455,2605271455,4,,S,S5,Stuttgart Schwabstr.|Stuttgart Feuersee|Stuttgart Stadtmitte|Stuttgart Hbf (tief)|Stuttgart Nordbahnhof|Stuttgart-Feuerbach|Stuttgart-Zuffenhausen,8003411,Kornwestheim Pbf,Baden-Württemberg,Kornwestheim,70806,9.179967278,48.86215948,3,2605271458,,2605271459,,h,1,Störung,,,,,,,3.0,4.0
-6501025132250133137-2605271432-8,7436,2605271450,2605271450,4,,S,S4,Stuttgart Schwabstr.|Stuttgart Feuersee|Stuttgart Stadtmitte|Stuttgart Hbf (tief)|Stuttgart Nordbahnhof|Stuttgart-Feuerbach|Stuttgart-Zuffenhausen,8003411,Kornwestheim Pbf,Baden-Württemberg,Kornwestheim,70806,9.179967278,48.86215948,3,2605271453,,2605271454,,h,1,Störung,,,,,,,3.0,4.0
-8102573765579059783-2605271440-6,28405,2605271454,2605271455,3,,S,S4,Marbach(Neckar)|Benningen(Neckar)|Freiberg(Neckar)|Favoritepark|Ludwigsburg,8003411,Kornwestheim Pbf,Baden-Württemberg,Kornwestheim,70806,9.179967278,48.86215948,3,2605271459,,2605271500,,h,1,Störung,,,,,,,5.0,5.0
-2744660321086161380-2605271422-5,28475,2605271434,2605271435,3,,S,S5,Bietigheim-Bissingen|Tamm(Württ)|Asperg|Ludwigsburg,8003411,Kornwestheim Pbf,Baden-Württemberg,Kornwestheim,70806,9.179967278,48.86215948,3,2605271435,,2605271436,,h,1,Störung,,,,,,,1.0,1.0
1310498941862652561-2605271402-8,7434,2605271420,2605271420,4,,S,S4,Stuttgart Schwabstr.|Stuttgart Feuersee|Stuttgart Stadtmitte|Stuttgart Hbf (tief)|Stuttgart Nordbahnhof|Stuttgart-Feuerbach|Stuttgart-Zuffenhausen,8003411,Kornwestheim Pbf,Baden-Württemberg,Kornwestheim,70806,9.179967278,48.86215948,3,2605271420,,2605271421,,h,1,Störung,,,,,,,0.0,1.0
3829718457082671082-2605271437-5,7541,2605271449,2605271450,3,,S,S5,Bietigheim-Bissingen|Tamm(Württ)|Asperg|Ludwigsburg,8003411,Kornwestheim Pbf,Baden-Württemberg,Kornwestheim,70806,9.179967278,48.86215948,3,2605271451,,2605271452,,h,1,Störung,,,,,,,2.0,2.0
-5265875940213227637-2605271352-5,28473,2605271404,2605271405,3,,S,S5,Bietigheim-Bissingen|Tamm(Württ)|Asperg|Ludwigsburg,8003411,Kornwestheim Pbf,Baden-Württemberg,Kornwestheim,70806,9.179967278,48.86215948,3,2605271406,,2605271407,,h,1,Störung,,,,,,,2.0,2.0
3618335699656372385-2605271333-10,7437,2605271409,2605271410,3,,S,S4,Backnang|Burgstall(Murr)|Kirchberg(Murr)|Erdmannhausen|Marbach(Neckar)|Benningen(Neckar)|Freiberg(Neckar)|Favoritepark|Ludwigsburg,8003411,Kornwestheim Pbf,Baden-Württemberg,Kornwestheim,70806,9.179967278,48.86215948,3,2605271411,,2605271412,,h,1,Störung,,,,,,,2.0,2.0
5479979498154291155-2605271422-8,7538,2605271440,2605271440,4,,S,S5,Stuttgart Schwabstr.|Stuttgart Feuersee|Stuttgart Stadtmitte|Stuttgart Hbf (tief)|Stuttgart Nordbahnhof|Stuttgart-Feuerbach|Stuttgart-Zuffenhausen,8003411,Kornwestheim Pbf,Baden-Württemberg,Kornwestheim,70806,9.179967278,48.86215948,3,2605271441,,2605271442,,h,1,Störung,,,,,,,1.0,2.0
5825878238612075562-2605271407-8,28472,2605271425,2605271425,4,,S,S5,Stuttgart Schwabstr.|Stuttgart Feuersee|Stuttgart Stadtmitte|Stuttgart Hbf (tief)|Stuttgart Nordbahnhof|Stuttgart-Feuerbach|Stuttgart-Zuffenhausen,8003411,Kornwestheim Pbf,Baden-Württemberg,Kornwestheim,70806,9.179967278,48.86215948,3,2605271425,,2605271426,,h,1,Störung,,,,,,,0.0,1.0
-973893879459034223-2605271418-4,7838,2605271427,2605271428,2,,S,S2,Filderstadt|Stuttgart Flughafen/Messe|Echterdingen,8003622,Leinfelden,Baden-Württemberg,Leinfelden-Echterdingen,70771,9.142859698,48.6964193,4,2605271427,,2605271428,,h,1,Störung,,,,,,,0.0,0.0
-5662537485265125812-2605271303-24,7831,2605271401,2605271402,1,,S,S2,Schorndorf|Weiler(Rems)|Winterbach(b Schorndorf)|Geradstetten|Grunbach|Beutelsbach|Endersbach|Stetten-Beinstein|Rommelshausen|Waiblingen|Fellbach|Stuttgart-Sommerrain|Stuttgart Nürnberger Str.|Stuttgart-Bad Cannstatt|Stuttgart Hbf (tief)|Stuttgart Stadtmitte|Stuttgart Feuersee|Stuttgart Schwabstr.|Stuttgart Universität|Stuttgart-Österfeld|Stuttgart-Vaihingen|Stuttgart-Rohr|Oberaichen,8003622,Leinfelden,Baden-Württemberg,Leinfelden-Echterdingen,70771,9.142859698,48.6964193,4,2605271402,,2605271402,,,,,,,,,,,1.0,0.0
-8059892926335795903-2605271348-24,7239,2605271446,2605271447,1,,S,S2,Schorndorf|Weiler(Rems)|Winterbach(b Schorndorf)|Geradstetten|Grunbach|Beutelsbach|Endersbach|Stetten-Beinstein|Rommelshausen|Waiblingen|Fellbach|Stuttgart-Sommerrain|Stuttgart Nürnberger Str.|Stuttgart-Bad Cannstatt|Stuttgart Hbf (tief)|Stuttgart Stadtmitte|Stuttgart Feuersee|Stuttgart Schwabstr.|Stuttgart Universität|Stuttgart-Österfeld|Stuttgart-Vaihingen|Stuttgart-Rohr|Oberaichen,8003622,Leinfelden,Baden-Württemberg,Leinfelden-Echterdingen,70771,9.142859698,48.6964193,4,2605271512,,2605271512,,h,1,Störung,,,,,,,26.0,25.0
6223730688488220237-2605271318-24,7237,2605271416,2605271417,1,,S,S2,Schorndorf|Weiler(Rems)|Winterbach(b Schorndorf)|Geradstetten|Grunbach|Beutelsbach|Endersbach|Stetten-Beinstein|Rommelshausen|Waiblingen|Fellbach|Stuttgart-Sommerrain|Stuttgart Nürnberger Str.|Stuttgart-Bad Cannstatt|Stuttgart Hbf (tief)|Stuttgart Stadtmitte|Stuttgart Feuersee|Stuttgart Schwabstr.|Stuttgart Universität|Stuttgart-Österfeld|Stuttgart-Vaihingen|Stuttgart-Rohr|Oberaichen,8003622,Leinfelden,Baden-Württemberg,Leinfelden-Echterdingen,70771,9.142859698,48.6964193,4,2605271445,,2605271446,,h,1,Störung,,,,,c,c,29.0,29.0
4722913099516594953-2605271448-4,7840,2605271457,2605271458,2,,S,S2,Filderstadt|Stuttgart Flughafen/Messe|Echterdingen,8003622,Leinfelden,Baden-Württemberg,Leinfelden-Echterdingen,70771,9.142859698,48.6964193,4,2605271515,,2605271516,,h,1,Störung,,,,,c,c,18.0,18.0
-7476481686954670934-2605271403-4,7236,2605271412,2605271413,2,,S,S2,Filderstadt|Stuttgart Flughafen/Messe|Echterdingen,8003622,Leinfelden,Baden-Württemberg,Leinfelden-Echterdingen,70771,9.142859698,48.6964193,4,2605271412,,2605271413,,h,1,Störung,,,,,,,0.0,0.0
5781587679873257611-2605271333-24,7833,2605271431,2605271432,1,,S,S2,Schorndorf|Weiler(Rems)|Winterbach(b Schorndorf)|Geradstetten|Grunbach|Beutelsbach|Endersbach|Stetten-Beinstein|Rommelshausen|Waiblingen|Fellbach|Stuttgart-Sommerrain|Stuttgart Nürnberger Str.|Stuttgart-Bad Cannstatt|Stuttgart Hbf (tief)|Stuttgart Stadtmitte|Stuttgart Feuersee|Stuttgart Schwabstr.|Stuttgart Universität|Stuttgart-Österfeld|Stuttgart-Vaihingen|Stuttgart-Rohr|Oberaichen,8003622,Leinfelden,Baden-Württemberg,Leinfelden-Echterdingen,70771,9.142859698,48.6964193,4,2605271500,,2605271500,,h,1,Störung,,,,,c,c,29.0,28.0
-6660169013356802205-2605271433-4,7238,2605271442,2605271443,2,,S,S2,Filderstadt|Stuttgart Flughafen/Messe|Echterdingen,8003622,Leinfelden,Baden-Württemberg,Leinfelden-Echterdingen,70771,9.142859698,48.6964193,4,2605271442,,2605271443,,h,1,Störung,,,,,,,0.0,0.0
-5316665284018315725-2605271412-13,7636,2605271443,2605271443,2,,S,S6,Stuttgart Schwabstr.|Stuttgart Feuersee|Stuttgart Stadtmitte|Stuttgart Hbf (tief)|Stuttgart Nordbahnhof|Stuttgart-Feuerbach|Stuttgart-Zuffenhausen|Neuwirtshaus(Porscheplatz)|Korntal|Weilimdorf|Ditzingen|Höfingen,8003652,Leonberg,Baden-Württemberg,Leonberg,71229,9.004025993,48.79970547,3,2605271443,3,2605271503,3,h,1,Störung,,,,,,,0.0,20.0
1188384783134199026-2605271342-13,7634,2605271413,2605271413,2,,S,S6,Stuttgart Schwabstr.|Stuttgart Feuersee|Stuttgart Stadtmitte|Stuttgart Hbf (tief)|Stuttgart Nordbahnhof|Stuttgart-Feuerbach|Stuttgart-Zuffenhausen|Neuwirtshaus(Porscheplatz)|Korntal|Weilimdorf|Ditzingen|Höfingen,8003652,Leonberg,Baden-Württemberg,Leonberg,71229,9.004025993,48.79970547,3,2605271413,3,2605271425,3,,,,,,,,,,0.0,12.0
-4327327279162025655-2605271433-5,7641,2605271447,2605271447,1,,S,S6,Weil der Stadt|Malmsheim|Renningen|Rutesheim,8003652,Leonberg,Baden-Württemberg,Leonberg,71229,9.004025993,48.79970547,3,2605271503,,2605271503,,h,1,Störung,,,,,,,16.0,16.0
-2645153808296859604-2605271403-5,7639,2605271417,2605271417,1,,S,S6,Weil der Stadt|Malmsheim|Renningen|Rutesheim,8003652,Leonberg,Baden-Württemberg,Leonberg,71229,9.004025993,48.79970547,3,2605271424,,2605271425,,h,1,Störung,,,,,,,7.0,8.0
-6735190005234876577-2605271446-2,19518,2605271456,2605271457,1,,RE,MEX17,Stuttgart Hbf,8000235,Ludwigsburg,Baden-Württemberg,Ludwigsburg,71638,9.185229823,48.89208622,3,2605271501,,2605271502,,h,2,Information,,,,,,,5.0,5.0
-8228587515374315120-2605271352-9,7536,2605271413,2605271414,2,,S,S5,Stuttgart Schwabstr.|Stuttgart Feuersee|Stuttgart Stadtmitte|Stuttgart Hbf (tief)|Stuttgart Nordbahnhof|Stuttgart-Feuerbach|Stuttgart-Zuffenhausen|Kornwestheim Pbf,8000235,Ludwigsburg,Baden-Württemberg,Ludwigsburg,71638,9.185229823,48.89208622,3,2605271414,,2605271414,,,,,,,,,,,1.0,0.0
-4819270473812152373-2605271417-9,28406,2605271438,2605271439,2,,S,S4,Stuttgart Schwabstr.|Stuttgart Feuersee|Stuttgart Stadtmitte|Stuttgart Hbf (tief)|Stuttgart Nordbahnhof|Stuttgart-Feuerbach|Stuttgart-Zuffenhausen|Kornwestheim Pbf,8000235,Ludwigsburg,Baden-Württemberg,Ludwigsburg,71638,9.185229823,48.89208622,3,2605271456,3,2605271451,,h,1,Störung,,,,,,c,18.0,12.0
7531750134200071940-2605271347-9,28404,2605271408,2605271409,2,,S,S4,Stuttgart Schwabstr.|Stuttgart Feuersee|Stuttgart Stadtmitte|Stuttgart Hbf (tief)|Stuttgart Nordbahnhof|Stuttgart-Feuerbach|Stuttgart-Zuffenhausen|Kornwestheim Pbf,8000235,Ludwigsburg,Baden-Württemberg,Ludwigsburg,71638,9.185229823,48.89208622,3,2605271408,,2605271409,,,,,,,,,,,0.0,0.0
7922855139158603560-2605271407-4,7539,2605271416,2605271416,3,,S,S5,Bietigheim-Bissingen|Tamm(Württ)|Asperg,8000235,Ludwigsburg,Baden-Württemberg,Ludwigsburg,71638,9.185229823,48.89208622,3,2605271416,,2605271417,,h,1,Störung,,,,,,,0.0,1.0
-2716364704866871625-2605271410-5,28403,2605271421,2605271421,3,,S,S4,Marbach(Neckar)|Benningen(Neckar)|Freiberg(Neckar)|Favoritepark,8000235,Ludwigsburg,Baden-Württemberg,Ludwigsburg,71638,9.185229823,48.89208622,3,2605271422,,2605271422,,h,1,Störung,,,,,,,1.0,1.0
8633251930679828811-2605271236-21,19321,2605271404,2605271405,4,,RE,MEX18,Osterburken|Adelsheim Ost|Sennfeld|Roigheim|Möckmühl|Züttlingen|Siglingen|Neudenau|Herbolzheim(Jagst)|Untergriesheim|Bad Friedrichshall Hbf|Neckarsulm|Heilbronn Sülmertor|Heilbronn Hbf|Nordheim(Württ)|Lauffen(Neckar)|Kirchheim(Neckar)|Walheim(Württ)|Besigheim|Bietigheim-Bissingen,8000235,Ludwigsburg,Baden-Württemberg,Ludwigsburg,71638,9.185229823,48.89208622,3,2605271404,,2605271406,,h,2,Information,,,,,,,0.0,1.0
-8095692092161839757-2605271414-13,19521,2605271457,2605271457,4,,RE,MEX17,Pforzheim Hbf|Eutingen(Baden)|Niefern|Enzberg|Mühlacker|Mühlacker Rößlesweg|Illingen(Württ)|Vaihingen(Enz)|Sersheim|Sachsenheim|Ellental|Bietigheim-Bissingen,8000235,Ludwigsburg,Baden-Württemberg,Ludwigsburg,71638,9.185229823,48.89208622,3,2605271506,5,2605271507,5,h,2,Information,,,,,,,9.0,10.0
-6549272114727686147-2605271403-9,7439,2605271436,2605271436,3,,S,S4,Backnang|Burgstall(Murr)|Kirchberg(Murr)|Erdmannhausen|Marbach(Neckar)|Benningen(Neckar)|Freiberg(Neckar)|Favoritepark,8000235,Ludwigsburg,Baden-Württemberg,Ludwigsburg,71638,9.185229823,48.89208622,3,2605271451,,2605271452,,h,1,Störung,,,,,,,15.0,16.0
9041915551886582391-2605271235-9,19069,2605271439,2605271440,4,,ARV,RE8,Würzburg Hbf|Lauda|Osterburken|Möckmühl|Bad Friedrichshall Hbf|Neckarsulm|Heilbronn Hbf|Bietigheim-Bissingen,8000235,Ludwigsburg,Baden-Württemberg,Ludwigsburg,71638,9.185229823,48.89208622,3,2605271439,,2605271440,,,,,,,,,,,0.0,0.0
-9124401425401212347-2605271408-2,19072,2605271420,2605271421,1,,ARV,RE8,Stuttgart Hbf,8000235,Ludwigsburg,Baden-Württemberg,Ludwigsburg,71638,9.185229823,48.89208622,3,2605271419,,2605271421,,,,,,,,,,,-1.0,0.0
6483046306664196939-2605271437-9,28474,2605271458,2605271459,2,,S,S5,Stuttgart Schwabstr.|Stuttgart Feuersee|Stuttgart Stadtmitte|Stuttgart Hbf (tief)|Stuttgart Nordbahnhof|Stuttgart-Feuerbach|Stuttgart-Zuffenhausen|Kornwestheim Pbf,8000235,Ludwigsburg,Baden-Württemberg,Ludwigsburg,71638,9.185229823,48.89208622,3,2605271504,,2605271505,,h,1,Störung,,,,,,,6.0,6.0
-6501025132250133137-2605271432-9,7436,2605271453,2605271454,2,,S,S4,Stuttgart Schwabstr.|Stuttgart Feuersee|Stuttgart Stadtmitte|Stuttgart Hbf (tief)|Stuttgart Nordbahnhof|Stuttgart-Feuerbach|Stuttgart-Zuffenhausen|Kornwestheim Pbf,8000235,Ludwigsburg,Baden-Württemberg,Ludwigsburg,71638,9.185229823,48.89208622,3,2605271459,,2605271500,,h,1,Störung,,,,,,,6.0,6.0
-8102573765579059783-2605271440-5,28405,2605271451,2605271451,3,,S,S4,Marbach(Neckar)|Benningen(Neckar)|Freiberg(Neckar)|Favoritepark,8000235,Ludwigsburg,Baden-Württemberg,Ludwigsburg,71638,9.185229823,48.89208622,3,2605271454,2,2605271457,2,h,1,Störung,,,,,,,3.0,6.0
-2744660321086161380-2605271422-4,28475,2605271431,2605271431,3,,S,S5,Bietigheim-Bissingen|Tamm(Württ)|Asperg,8000235,Ludwigsburg,Baden-Württemberg,Ludwigsburg,71638,9.185229823,48.89208622,3,2605271431,,2605271432,,h,1,Störung,,,,,,,0.0,1.0
-5292522065650410408-2605271357-8,19227,2605271431,2605271431,4,,RE,MEX12,Heilbronn Hbf|Nordheim(Württ)|Lauffen(Neckar)|Kirchheim(Neckar)|Walheim(Württ)|Besigheim|Bietigheim-Bissingen,8000235,Ludwigsburg,Baden-Württemberg,Ludwigsburg,71638,9.185229823,48.89208622,3,2605271432,,2605271433,,h,2,Information,,,,,,,1.0,2.0
1310498941862652561-2605271402-9,7434,2605271423,2605271424,2,,S,S4,Stuttgart Schwabstr.|Stuttgart Feuersee|Stuttgart Stadtmitte|Stuttgart Hbf (tief)|Stuttgart Nordbahnhof|Stuttgart-Feuerbach|Stuttgart-Zuffenhausen|Kornwestheim Pbf,8000235,Ludwigsburg,Baden-Württemberg,Ludwigsburg,71638,9.185229823,48.89208622,3,2605271424,,2605271425,,h,1,Störung,,,,,,,1.0,1.0
1455511285002615373-2605271305-12,19232,2605271428,2605271429,1,,RE,MEX12,Tübingen Hbf|Reutlingen Hbf|Metzingen(Württ)|Bempflingen|Nürtingen|Oberboihingen|Wendlingen(Neckar)|Plochingen|Esslingen(Neckar)|Stuttgart-Bad Cannstatt|Stuttgart Hbf,8000235,Ludwigsburg,Baden-Württemberg,Ludwigsburg,71638,9.185229823,48.89208622,3,2605271428,,2605271430,,h,2,Information,,,,,,,0.0,1.0
3829718457082671082-2605271437-4,7541,2605271446,2605271446,3,,S,S5,Bietigheim-Bissingen|Tamm(Württ)|Asperg,8000235,Ludwigsburg,Baden-Württemberg,Ludwigsburg,71638,9.185229823,48.89208622,3,2605271446,,2605271447,,h,1,Störung,,,,,,,0.0,1.0
-5265875940213227637-2605271352-4,28473,2605271401,2605271401,3,,S,S5,Bietigheim-Bissingen|Tamm(Württ)|Asperg,8000235,Ludwigsburg,Baden-Württemberg,Ludwigsburg,71638,9.185229823,48.89208622,3,2605271402,,2605271402,,h,1,Störung,,,,,,,1.0,1.0
3618335699656372385-2605271333-9,7437,2605271406,2605271406,3,,S,S4,Backnang|Burgstall(Murr)|Kirchberg(Murr)|Erdmannhausen|Marbach(Neckar)|Benningen(Neckar)|Freiberg(Neckar)|Favoritepark,8000235,Ludwigsburg,Baden-Württemberg,Ludwigsburg,71638,9.185229823,48.89208622,3,2605271407,,2605271408,,h,1,Störung,,,,,,,1.0,2.0
-1544538779323315833-2605271333-10,19320,2605271452,2605271453,1,,RE,MEX18,Tübingen Hbf|Reutlingen Hbf|Metzingen(Württ)|Nürtingen|Wendlingen(Neckar)|Plochingen|Esslingen(Neckar)|Stuttgart-Bad Cannstatt|Stuttgart Hbf,8000235,Ludwigsburg,Baden-Württemberg,Ludwigsburg,71638,9.185229823,48.89208622,3,2605271456,,2605271457,,h,2,Information,,,,,,,4.0,4.0
5479979498154291155-2605271422-9,7538,2605271443,2605271444,2,,S,S5,Stuttgart Schwabstr.|Stuttgart Feuersee|Stuttgart Stadtmitte|Stuttgart Hbf (tief)|Stuttgart Nordbahnhof|Stuttgart-Feuerbach|Stuttgart-Zuffenhausen|Kornwestheim Pbf,8000235,Ludwigsburg,Baden-Württemberg,Ludwigsburg,71638,9.185229823,48.89208622,3,2605271445,,2605271445,,h,1,Störung,,,,,,,2.0,1.0
5825878238612075562-2605271407-9,28472,2605271428,2605271429,2,,S,S5,Stuttgart Schwabstr.|Stuttgart Feuersee|Stuttgart Stadtmitte|Stuttgart Hbf (tief)|Stuttgart Nordbahnhof|Stuttgart-Feuerbach|Stuttgart-Zuffenhausen|Kornwestheim Pbf,8000235,Ludwigsburg,Baden-Württemberg,Ludwigsburg,71638,9.185229823,48.89208622,3,2605271428,,2605271429,,h,1,Störung,,,,,,,0.0,0.0
-5316665284018315725-2605271412-16,7636,2605271454,2605271454,1,,S,S6,Stuttgart Schwabstr.|Stuttgart Feuersee|Stuttgart Stadtmitte|Stuttgart Hbf (tief)|Stuttgart Nordbahnhof|Stuttgart-Feuerbach|Stuttgart-Zuffenhausen|Neuwirtshaus(Porscheplatz)|Korntal|Weilimdorf|Ditzingen|Höfingen|Leonberg|Rutesheim|Renningen,8003831,Malmsheim,Baden-Württemberg,Renningen,71272,8.905105557,48.77183564,5,2605271513,,2605271513,,h,1,Störung,,,,,,,19.0,19.0
1188384783134199026-2605271342-16,7634,2605271424,2605271424,1,,S,S6,Stuttgart Schwabstr.|Stuttgart Feuersee|Stuttgart Stadtmitte|Stuttgart Hbf (tief)|Stuttgart Nordbahnhof|Stuttgart-Feuerbach|Stuttgart-Zuffenhausen|Neuwirtshaus(Porscheplatz)|Korntal|Weilimdorf|Ditzingen|Höfingen|Leonberg|Rutesheim|Renningen,8003831,Malmsheim,Baden-Württemberg,Renningen,71272,8.905105557,48.77183564,5,2605271434,,2605271434,,,,,,,,,,,10.0,10.0
-4327327279162025655-2605271433-2,7641,2605271435,2605271435,2,,S,S6,Weil der Stadt,8003831,Malmsheim,Baden-Württemberg,Renningen,71272,8.905105557,48.77183564,5,2605271442,,2605271442,,h,1,Störung,,,,,,,7.0,7.0
-2645153808296859604-2605271403-2,7639,2605271405,2605271405,2,,S,S6,Weil der Stadt,8003831,Malmsheim,Baden-Württemberg,Renningen,71272,8.905105557,48.77183564,5,2605271409,,2605271410,,h,1,Störung,,,,,,,4.0,5.0
-4819270473812152373-2605271417-13,28406,2605271450,,1,,S,,Stuttgart Schwabstr.|Stuttgart Feuersee|Stuttgart Stadtmitte|Stuttgart Hbf (tief)|Stuttgart Nordbahnhof|Stuttgart-Feuerbach|Stuttgart-Zuffenhausen|Kornwestheim Pbf|Ludwigsburg|Favoritepark|Freiberg(Neckar)|Benningen(Neckar),8003853,Marbach (Neckar),Baden-Württemberg,Marbach am Neckar,71672,9.264611825,48.9437708,3,2605271502,,,,h,1,Störung,,,,,c,,12.0,0.0
7531750134200071940-2605271347-13,28404,2605271420,,1,,S,,Stuttgart Schwabstr.|Stuttgart Feuersee|Stuttgart Stadtmitte|Stuttgart Hbf (tief)|Stuttgart Nordbahnhof|Stuttgart-Feuerbach|Stuttgart-Zuffenhausen|Kornwestheim Pbf|Ludwigsburg|Favoritepark|Freiberg(Neckar)|Benningen(Neckar),8003853,Marbach (Neckar),Baden-Württemberg,Marbach am Neckar,71672,9.264611825,48.9437708,3,2605271420,,,,,,,,,,,,,0.0,0.0
-2716364704866871625-2605271410-1,28403,,2605271410,,,S,S4,,8003853,Marbach (Neckar),Baden-Württemberg,Marbach am Neckar,71672,9.264611825,48.9437708,3,,,2605271410,,h,1,Störung,,,,,,,0.0,0.0
-4525949924591958884-2605271332-13,7432,2605271405,2605271408,1,,S,S4,Stuttgart Schwabstr.|Stuttgart Feuersee|Stuttgart Stadtmitte|Stuttgart Hbf (tief)|Stuttgart Nordbahnhof|Stuttgart-Feuerbach|Stuttgart-Zuffenhausen|Kornwestheim Pbf|Ludwigsburg|Favoritepark|Freiberg(Neckar)|Benningen(Neckar),8003853,Marbach (Neckar),Baden-Württemberg,Marbach am Neckar,71672,9.264611825,48.9437708,3,2605271405,,2605271418,,,,,,,,,,,0.0,10.0
-6549272114727686147-2605271403-5,7439,2605271421,2605271425,2,,S,S4,Backnang|Burgstall(Murr)|Kirchberg(Murr)|Erdmannhausen,8003853,Marbach (Neckar),Baden-Württemberg,Marbach am Neckar,71672,9.264611825,48.9437708,3,2605271438,,2605271439,,h,1,Störung,,,,,,,17.0,14.0
195941745446539029-2605271433-5,7441,2605271451,2605271455,2,,S,S4,Backnang|Burgstall(Murr)|Kirchberg(Murr)|Erdmannhausen,8003853,Marbach (Neckar),Baden-Württemberg,Marbach am Neckar,71672,9.264611825,48.9437708,3,2605271509,,2605271515,,h,1,Störung,,,,,,,18.0,20.0
-8102573765579059783-2605271440-1,28405,,2605271440,,,S,S4,,8003853,Marbach (Neckar),Baden-Württemberg,Marbach am Neckar,71672,9.264611825,48.9437708,3,,,2605271443,,h,1,Störung,,,,,,,0.0,3.0
1310498941862652561-2605271402-13,7434,2605271435,2605271438,1,,S,S4,Stuttgart Schwabstr.|Stuttgart Feuersee|Stuttgart Stadtmitte|Stuttgart Hbf (tief)|Stuttgart Nordbahnhof|Stuttgart-Feuerbach|Stuttgart-Zuffenhausen|Kornwestheim Pbf|Ludwigsburg|Favoritepark|Freiberg(Neckar)|Benningen(Neckar),8003853,Marbach (Neckar),Baden-Württemberg,Marbach am Neckar,71672,9.264611825,48.9437708,3,2605271438,,2605271451,,h,1,Störung,,,,,,,3.0,13.0
-2341114142355291987-2605271315-17,28330,2605271359,2605271400,2,,S,S3,Stuttgart-Vaihingen|Stuttgart-Österfeld|Stuttgart Universität|Stuttgart Schwabstr.|Stuttgart Feuersee|Stuttgart Stadtmitte|Stuttgart Hbf (tief)|Stuttgart-Bad Cannstatt|Stuttgart Nürnberger Str.|Stuttgart-Sommerrain|Fellbach|Waiblingen|Neustadt-Hohenacker|Schwaikheim|Winnenden|Nellmersbach,8003913,Maubach,Baden-Württemberg,Backnang,71522,9.419487062,48.92623463,4,2605271403,,2605271403,,,,,,,,,,,4.0,3.0
6554930112927852478-2605271411-2,7339,2605271413,2605271414,1,,S,S3,Backnang,8003913,Maubach,Baden-Württemberg,Backnang,71522,9.419487062,48.92623463,4,2605271416,,2605271417,,h,1,Störung,,,,,,,3.0,3.0
-4213544138721587197-2605271345-17,28332,2605271429,2605271430,2,,S,S3,Stuttgart-Vaihingen|Stuttgart-Österfeld|Stuttgart Universität|Stuttgart Schwabstr.|Stuttgart Feuersee|Stuttgart Stadtmitte|Stuttgart Hbf (tief)|Stuttgart-Bad Cannstatt|Stuttgart Nürnberger Str.|Stuttgart-Sommerrain|Fellbach|Waiblingen|Neustadt-Hohenacker|Schwaikheim|Winnenden|Nellmersbach,8003913,Maubach,Baden-Württemberg,Backnang,71522,9.419487062,48.92623463,4,2605271430,,2605271430,,,,,,,,,,,1.0,0.0
959092593719343738-2605271426-2,28335,2605271428,2605271429,1,,S,S3,Backnang,8003913,Maubach,Baden-Württemberg,Backnang,71522,9.419487062,48.92623463,4,2605271429,,2605271429,,h,1,Störung,,,,,,,1.0,0.0
-7901739776993152202-2605271330-17,7334,2605271414,2605271415,2,,S,S3,Stuttgart-Vaihingen|Stuttgart-Österfeld|Stuttgart Universität|Stuttgart Schwabstr.|Stuttgart Feuersee|Stuttgart Stadtmitte|Stuttgart Hbf (tief)|Stuttgart-Bad Cannstatt|Stuttgart Nürnberger Str.|Stuttgart-Sommerrain|Fellbach|Waiblingen|Neustadt-Hohenacker|Schwaikheim|Winnenden|Nellmersbach,8003913,Maubach,Baden-Württemberg,Backnang,71522,9.419487062,48.92623463,4,2605271415,,2605271416,,,,,,,,,,,1.0,1.0
-8962126915234620710-2605271441-2,7341,2605271443,2605271444,1,,S,S3,Backnang,8003913,Maubach,Baden-Württemberg,Backnang,71522,9.419487062,48.92623463,4,2605271444,,2605271445,,h,1,Störung,,,,,,,1.0,1.0
3573720910347828828-2605271415-17,28334,2605271459,2605271500,2,,S,S3,Stuttgart-Vaihingen|Stuttgart-Österfeld|Stuttgart Universität|Stuttgart Schwabstr.|Stuttgart Feuersee|Stuttgart Stadtmitte|Stuttgart Hbf (tief)|Stuttgart-Bad Cannstatt|Stuttgart Nürnberger Str.|Stuttgart-Sommerrain|Fellbach|Waiblingen|Neustadt-Hohenacker|Schwaikheim|Winnenden|Nellmersbach,8003913,Maubach,Baden-Württemberg,Backnang,71522,9.419487062,48.92623463,4,2605271503,,2605271503,,h,1,Störung,,,,,,,4.0,3.0
-41822505101306185-2605271400-17,7336,2605271444,2605271445,2,,S,S3,Stuttgart-Vaihingen|Stuttgart-Österfeld|Stuttgart Universität|Stuttgart Schwabstr.|Stuttgart Feuersee|Stuttgart Stadtmitte|Stuttgart Hbf (tief)|Stuttgart-Bad Cannstatt|Stuttgart Nürnberger Str.|Stuttgart-Sommerrain|Fellbach|Waiblingen|Neustadt-Hohenacker|Schwaikheim|Winnenden|Nellmersbach,8003913,Maubach,Baden-Württemberg,Backnang,71522,9.419487062,48.92623463,4,2605271446,,2605271446,,h,1,Störung,,,,,,,2.0,1.0
3920307406143195734-2605271456-2,28337,2605271458,2605271459,1,,S,S3,Backnang,8003913,Maubach,Baden-Württemberg,Backnang,71522,9.419487062,48.92623463,4,2605271458,,2605271459,,h,1,Störung,,,,,,,0.0,0.0
6554930112927852478-2605271411-3,7339,2605271416,2605271416,1,,S,S3,Backnang|Maubach,8004233,Nellmersbach,Baden-Württemberg,Leutenbach,71397,9.415421538,48.90336425,5,2605271419,,2605271420,,h,1,Störung,,,,,,,3.0,4.0
-4213544138721587197-2605271345-16,28332,2605271426,2605271427,2,,S,S3,Stuttgart-Vaihingen|Stuttgart-Österfeld|Stuttgart Universität|Stuttgart Schwabstr.|Stuttgart Feuersee|Stuttgart Stadtmitte|Stuttgart Hbf (tief)|Stuttgart-Bad Cannstatt|Stuttgart Nürnberger Str.|Stuttgart-Sommerrain|Fellbach|Waiblingen|Neustadt-Hohenacker|Schwaikheim|Winnenden,8004233,Nellmersbach,Baden-Württemberg,Leutenbach,71397,9.415421538,48.90336425,5,2605271426,,2605271427,,,,,,,,,,,0.0,0.0
-1157059812177875045-2605271356-3,28333,2605271401,2605271401,1,,S,S3,Backnang|Maubach,8004233,Nellmersbach,Baden-Württemberg,Leutenbach,71397,9.415421538,48.90336425,5,2605271402,,2605271402,,h,1,Störung,,,,,,,1.0,1.0
959092593719343738-2605271426-3,28335,2605271431,2605271431,1,,S,S3,Backnang|Maubach,8004233,Nellmersbach,Baden-Württemberg,Leutenbach,71397,9.415421538,48.90336425,5,2605271431,,2605271431,,h,1,Störung,,,,,,,0.0,0.0
-7901739776993152202-2605271330-16,7334,2605271411,2605271412,2,,S,S3,Stuttgart-Vaihingen|Stuttgart-Österfeld|Stuttgart Universität|Stuttgart Schwabstr.|Stuttgart Feuersee|Stuttgart Stadtmitte|Stuttgart Hbf (tief)|Stuttgart-Bad Cannstatt|Stuttgart Nürnberger Str.|Stuttgart-Sommerrain|Fellbach|Waiblingen|Neustadt-Hohenacker|Schwaikheim|Winnenden,8004233,Nellmersbach,Baden-Württemberg,Leutenbach,71397,9.415421538,48.90336425,5,2605271412,,2605271413,,,,,,,,,,,1.0,1.0
-8962126915234620710-2605271441-3,7341,2605271446,2605271446,1,,S,S3,Backnang|Maubach,8004233,Nellmersbach,Baden-Württemberg,Leutenbach,71397,9.415421538,48.90336425,5,2605271447,,2605271447,,h,1,Störung,,,,,,,1.0,1.0
3573720910347828828-2605271415-16,28334,2605271456,2605271457,2,,S,S3,Stuttgart-Vaihingen|Stuttgart-Österfeld|Stuttgart Universität|Stuttgart Schwabstr.|Stuttgart Feuersee|Stuttgart Stadtmitte|Stuttgart Hbf (tief)|Stuttgart-Bad Cannstatt|Stuttgart Nürnberger Str.|Stuttgart-Sommerrain|Fellbach|Waiblingen|Neustadt-Hohenacker|Schwaikheim|Winnenden,8004233,Nellmersbach,Baden-Württemberg,Leutenbach,71397,9.415421538,48.90336425,5,2605271501,,2605271501,,h,1,Störung,,,,,,,5.0,4.0
-41822505101306185-2605271400-16,7336,2605271441,2605271442,2,,S,S3,Stuttgart-Vaihingen|Stuttgart-Österfeld|Stuttgart Universität|Stuttgart Schwabstr.|Stuttgart Feuersee|Stuttgart Stadtmitte|Stuttgart Hbf (tief)|Stuttgart-Bad Cannstatt|Stuttgart Nürnberger Str.|Stuttgart-Sommerrain|Fellbach|Waiblingen|Neustadt-Hohenacker|Schwaikheim|Winnenden,8004233,Nellmersbach,Baden-Württemberg,Leutenbach,71397,9.415421538,48.90336425,5,2605271443,,2605271444,,h,1,Störung,,,,,,,2.0,2.0
6554930112927852478-2605271411-6,7339,2605271425,2605271425,2,,S,S3,Backnang|Maubach|Nellmersbach|Winnenden|Schwaikheim,8004333,Neustadt-Hohenacker,Baden-Württemberg,Waiblingen,71336,9.32455106,48.85921668,5,2605271427,,2605271428,,h,1,Störung,,,,,,,2.0,3.0
-4213544138721587197-2605271345-13,28332,2605271418,2605271418,1,,S,S3,Stuttgart-Vaihingen|Stuttgart-Österfeld|Stuttgart Universität|Stuttgart Schwabstr.|Stuttgart Feuersee|Stuttgart Stadtmitte|Stuttgart Hbf (tief)|Stuttgart-Bad Cannstatt|Stuttgart Nürnberger Str.|Stuttgart-Sommerrain|Fellbach|Waiblingen,8004333,Neustadt-Hohenacker,Baden-Württemberg,Waiblingen,71336,9.32455106,48.85921668,5,2605271418,,2605271419,,,,,,,,,,,0.0,1.0
-1157059812177875045-2605271356-6,28333,2605271410,2605271410,2,,S,S3,Backnang|Maubach|Nellmersbach|Winnenden|Schwaikheim,8004333,Neustadt-Hohenacker,Baden-Württemberg,Waiblingen,71336,9.32455106,48.85921668,5,2605271411,,2605271411,,h,1,Störung,,,,,,,1.0,1.0
959092593719343738-2605271426-6,28335,2605271440,2605271440,2,,S,S3,Backnang|Maubach|Nellmersbach|Winnenden|Schwaikheim,8004333,Neustadt-Hohenacker,Baden-Württemberg,Waiblingen,71336,9.32455106,48.85921668,5,2605271440,,2605271441,,h,1,Störung,,,,,,,0.0,1.0
-7901739776993152202-2605271330-13,7334,2605271403,2605271403,1,,S,S3,Stuttgart-Vaihingen|Stuttgart-Österfeld|Stuttgart Universität|Stuttgart Schwabstr.|Stuttgart Feuersee|Stuttgart Stadtmitte|Stuttgart Hbf (tief)|Stuttgart-Bad Cannstatt|Stuttgart Nürnberger Str.|Stuttgart-Sommerrain|Fellbach|Waiblingen,8004333,Neustadt-Hohenacker,Baden-Württemberg,Waiblingen,71336,9.32455106,48.85921668,5,2605271404,,2605271404,,,,,,,,,,,1.0,1.0
-8962126915234620710-2605271441-6,7341,2605271455,2605271455,2,,S,S3,Backnang|Maubach|Nellmersbach|Winnenden|Schwaikheim,8004333,Neustadt-Hohenacker,Baden-Württemberg,Waiblingen,71336,9.32455106,48.85921668,5,2605271456,,2605271456,,h,1,Störung,,,,,,,1.0,1.0
3573720910347828828-2605271415-13,28334,2605271448,2605271448,1,,S,S3,Stuttgart-Vaihingen|Stuttgart-Österfeld|Stuttgart Universität|Stuttgart Schwabstr.|Stuttgart Feuersee|Stuttgart Stadtmitte|Stuttgart Hbf (tief)|Stuttgart-Bad Cannstatt|Stuttgart Nürnberger Str.|Stuttgart-Sommerrain|Fellbach|Waiblingen,8004333,Neustadt-Hohenacker,Baden-Württemberg,Waiblingen,71336,9.32455106,48.85921668,5,2605271452,,2605271452,,h,1,Störung,,,,,,,4.0,4.0
-41822505101306185-2605271400-13,7336,2605271433,2605271433,1,,S,S3,Stuttgart-Vaihingen|Stuttgart-Österfeld|Stuttgart Universität|Stuttgart Schwabstr.|Stuttgart Feuersee|Stuttgart Stadtmitte|Stuttgart Hbf (tief)|Stuttgart-Bad Cannstatt|Stuttgart Nürnberger Str.|Stuttgart-Sommerrain|Fellbach|Waiblingen,8004333,Neustadt-Hohenacker,Baden-Württemberg,Waiblingen,71336,9.32455106,48.85921668,5,2605271435,,2605271436,,h,1,Störung,,,,,,,2.0,3.0
-5316665284018315725-2605271412-8,7636,2605271428,2605271428,1,,S,S6,Stuttgart Schwabstr.|Stuttgart Feuersee|Stuttgart Stadtmitte|Stuttgart Hbf (tief)|Stuttgart Nordbahnhof|Stuttgart-Feuerbach|Stuttgart-Zuffenhausen,8004338,Neuwirtshaus (Porscheplatz),Baden-Württemberg,Stuttgart,70435,9.151955614,48.83384734,4,2605271428,,2605271429,,h,1,Störung,,,,,,,0.0,1.0
-6618548157105238962-2605271333-10,7637,2605271401,2605271401,2,,S,S6,Weil der Stadt|Malmsheim|Renningen|Rutesheim|Leonberg|Höfingen|Ditzingen|Weilimdorf|Korntal,8004338,Neuwirtshaus (Porscheplatz),Baden-Württemberg,Stuttgart,70435,9.151955614,48.83384734,4,2605271402,,2605271402,,h,1,Störung,,,,,,,1.0,1.0
-2645153808296859604-2605271403-10,7639,2605271431,2605271431,2,,S,S6,Weil der Stadt|Malmsheim|Renningen|Rutesheim|Leonberg|Höfingen|Ditzingen|Weilimdorf|Korntal,8004338,Neuwirtshaus (Porscheplatz),Baden-Württemberg,Stuttgart,70435,9.151955614,48.83384734,4,2605271439,,2605271441,,h,1,Störung,,,,,,,8.0,10.0
-5544791981213765004-2605271442-8,7638,2605271458,2605271458,1,,S,S6,Stuttgart Schwabstr.|Stuttgart Feuersee|Stuttgart Stadtmitte|Stuttgart Hbf (tief)|Stuttgart Nordbahnhof|Stuttgart-Feuerbach|Stuttgart-Zuffenhausen,8004338,Neuwirtshaus (Porscheplatz),Baden-Württemberg,Stuttgart,70435,9.151955614,48.83384734,4,2605271458,,2605271459,,h,1,Störung,,,,,,,0.0,1.0
1483937347162480380-2605271431-2,7738,2605271434,2605271434,2,,S,S1,Herrenberg,8004490,Nufringen,Baden-Württemberg,Nufringen,71154,8.889817485,48.62010967,5,2605271434,,2605271435,,h,1,Störung,,,,,,,0.0,1.0
5941834571298649161-2605271320-28,7137,2605271440,2605271440,1,,S,S1,Kirchheim(Teck)|Kirchheim(Teck)-Ötlingen|Wendlingen(Neckar)|Wernau(Neckar)|Plochingen|Altbach|Esslingen-Zell|Oberesslingen|Esslingen(Neckar)|Esslingen-Mettingen|Stuttgart-Obertürkheim|Stuttgart-Untertürkheim|Stuttgart Neckarpark|Stuttgart-Bad Cannstatt|Stuttgart Hbf (tief)|Stuttgart Stadtmitte|Stuttgart Feuersee|Stuttgart Schwabstr.|Stuttgart Universität|Stuttgart-Österfeld|Stuttgart-Vaihingen|Stuttgart-Rohr|Goldberg(Württ)|Böblingen|Hulb|Ehningen(b Böblingen)|Gärtringen,8004490,Nufringen,Baden-Württemberg,Nufringen,71154,8.889817485,48.62010967,5,2605271512,,2605271512,,h,1,Störung,,,Kirchheim(Teck)|Kirchheim(Teck)-Ötlingen|Wendlingen(Neckar)|Wernau(Neckar)|Plochingen|Altbach|Esslingen-Zell|Oberesslingen|Esslingen(Neckar)|Esslingen-Mettingen|Stuttgart-Obertürkheim|Stuttgart-Untertürkheim|Stuttgart Neckarpark|Stuttgart-Bad Cannstatt|Stuttgart Hbf (tief)|Stuttgart Stadtmitte|Stuttgart Feuersee|Stuttgart Schwabstr.|Stuttgart Universität|Stuttgart-Österfeld|Stuttgart-Vaihingen|Stuttgart-Rohr|Goldberg(Württ)|Böblingen|Hulb|Ehningen(b Böblingen)|Gärtringen,Herrenberg,c,c,32.0,32.0
1692997485605395662-2605271250-28,7135,2605271410,2605271410,1,,S,S1,Kirchheim(Teck)|Kirchheim(Teck)-Ötlingen|Wendlingen(Neckar)|Wernau(Neckar)|Plochingen|Altbach|Esslingen-Zell|Oberesslingen|Esslingen(Neckar)|Esslingen-Mettingen|Stuttgart-Obertürkheim|Stuttgart-Untertürkheim|Stuttgart Neckarpark|Stuttgart-Bad Cannstatt|Stuttgart Hbf (tief)|Stuttgart Stadtmitte|Stuttgart Feuersee|Stuttgart Schwabstr.|Stuttgart Universität|Stuttgart-Österfeld|Stuttgart-Vaihingen|Stuttgart-Rohr|Goldberg(Württ)|Böblingen|Hulb|Ehningen(b Böblingen)|Gärtringen,8004490,Nufringen,Baden-Württemberg,Nufringen,71154,8.889817485,48.62010967,5,2605271410,,2605271410,,,,,,,,,,,0.0,0.0
4368264823792479342-2605271416-2,7140,2605271419,2605271419,2,,S,S1,Herrenberg,8004490,Nufringen,Baden-Württemberg,Nufringen,71154,8.889817485,48.62010967,5,2605271419,,2605271420,,h,1,Störung,,,,,,,0.0,1.0
6975060148484130926-2605271322-24,7737,2605271425,2605271425,1,,S,S1,Plochingen|Altbach|Esslingen-Zell|Oberesslingen|Esslingen(Neckar)|Esslingen-Mettingen|Stuttgart-Obertürkheim|Stuttgart-Untertürkheim|Stuttgart Neckarpark|Stuttgart-Bad Cannstatt|Stuttgart Hbf (tief)|Stuttgart Stadtmitte|Stuttgart Feuersee|Stuttgart Schwabstr.|Stuttgart Universität|Stuttgart-Österfeld|Stuttgart-Vaihingen|Stuttgart-Rohr|Goldberg(Württ)|Böblingen|Hulb|Ehningen(b Böblingen)|Gärtringen,8004490,Nufringen,Baden-Württemberg,Nufringen,71154,8.889817485,48.62010967,5,2605271426,,2605271426,,h,1,Störung,,,,,,,1.0,1.0
-1448566218874371491-2605271401-2,7736,2605271404,2605271404,2,,S,S1,Herrenberg,8004490,Nufringen,Baden-Württemberg,Nufringen,71154,8.889817485,48.62010967,5,2605271404,,2605271405,,h,1,Störung,,,,,,,0.0,1.0
-5362237697829977230-2605271446-2,7142,2605271449,2605271449,2,,S,S1,Herrenberg,8004490,Nufringen,Baden-Württemberg,Nufringen,71154,8.889817485,48.62010967,5,2605271450,,2605271450,,h,1,Störung,,,,,,,1.0,1.0
-973893879459034223-2605271418-5,7838,2605271430,2605271430,2,,S,S2,Filderstadt|Stuttgart Flughafen/Messe|Echterdingen|Leinfelden,8004496,Oberaichen,Baden-Württemberg,Leinfelden-Echterdingen,70771,9.12743664,48.70512422,5,2605271430,,2605271430,,h,1,Störung,,,,,,,0.0,0.0
-5065266161330824658-2605271348-5,7836,2605271400,2605271400,2,,S,S2,Filderstadt|Stuttgart Flughafen/Messe|Echterdingen|Leinfelden,8004496,Oberaichen,Baden-Württemberg,Leinfelden-Echterdingen,70771,9.12743664,48.70512422,5,2605271400,,2605271400,,h,1,Störung,,,,,,,0.0,0.0
-8059892926335795903-2605271348-23,7239,2605271444,2605271444,1,,S,S2,Schorndorf|Weiler(Rems)|Winterbach(b Schorndorf)|Geradstetten|Grunbach|Beutelsbach|Endersbach|Stetten-Beinstein|Rommelshausen|Waiblingen|Fellbach|Stuttgart-Sommerrain|Stuttgart Nürnberger Str.|Stuttgart-Bad Cannstatt|Stuttgart Hbf (tief)|Stuttgart Stadtmitte|Stuttgart Feuersee|Stuttgart Schwabstr.|Stuttgart Universität|Stuttgart-Österfeld|Stuttgart-Vaihingen|Stuttgart-Rohr,8004496,Oberaichen,Baden-Württemberg,Leinfelden-Echterdingen,70771,9.12743664,48.70512422,5,2605271510,,2605271510,,h,1,Störung,,,,,,,26.0,26.0
6223730688488220237-2605271318-23,7237,2605271414,2605271414,1,,S,S2,Schorndorf|Weiler(Rems)|Winterbach(b Schorndorf)|Geradstetten|Grunbach|Beutelsbach|Endersbach|Stetten-Beinstein|Rommelshausen|Waiblingen|Fellbach|Stuttgart-Sommerrain|Stuttgart Nürnberger Str.|Stuttgart-Bad Cannstatt|Stuttgart Hbf (tief)|Stuttgart Stadtmitte|Stuttgart Feuersee|Stuttgart Schwabstr.|Stuttgart Universität|Stuttgart-Österfeld|Stuttgart-Vaihingen|Stuttgart-Rohr,8004496,Oberaichen,Baden-Württemberg,Leinfelden-Echterdingen,70771,9.12743664,48.70512422,5,2605271443,,2605271443,,h,1,Störung,,,,,c,c,29.0,29.0
988265121258628834-2605271403-23,7835,2605271459,2605271459,1,,S,S2,Schorndorf|Weiler(Rems)|Winterbach(b Schorndorf)|Geradstetten|Grunbach|Beutelsbach|Endersbach|Stetten-Beinstein|Rommelshausen|Waiblingen|Fellbach|Stuttgart-Sommerrain|Stuttgart Nürnberger Str.|Stuttgart-Bad Cannstatt|Stuttgart Hbf (tief)|Stuttgart Stadtmitte|Stuttgart Feuersee|Stuttgart Schwabstr.|Stuttgart Universität|Stuttgart-Österfeld|Stuttgart-Vaihingen|Stuttgart-Rohr,8004496,Oberaichen,Baden-Württemberg,Leinfelden-Echterdingen,70771,9.12743664,48.70512422,5,2605271517,,2605271518,,h,1,Störung,,,,,,,18.0,19.0
-7476481686954670934-2605271403-5,7236,2605271415,2605271415,2,,S,S2,Filderstadt|Stuttgart Flughafen/Messe|Echterdingen|Leinfelden,8004496,Oberaichen,Baden-Württemberg,Leinfelden-Echterdingen,70771,9.12743664,48.70512422,5,2605271415,,2605271416,,h,1,Störung,,,,,,,0.0,1.0
5781587679873257611-2605271333-23,7833,2605271429,2605271429,1,,S,S2,Schorndorf|Weiler(Rems)|Winterbach(b Schorndorf)|Geradstetten|Grunbach|Beutelsbach|Endersbach|Stetten-Beinstein|Rommelshausen|Waiblingen|Fellbach|Stuttgart-Sommerrain|Stuttgart Nürnberger Str.|Stuttgart-Bad Cannstatt|Stuttgart Hbf (tief)|Stuttgart Stadtmitte|Stuttgart Feuersee|Stuttgart Schwabstr.|Stuttgart Universität|Stuttgart-Österfeld|Stuttgart-Vaihingen|Stuttgart-Rohr,8004496,Oberaichen,Baden-Württemberg,Leinfelden-Echterdingen,70771,9.12743664,48.70512422,5,2605271458,,2605271458,,h,1,Störung,,,,,c,c,29.0,29.0
-6660169013356802205-2605271433-5,7238,2605271445,2605271445,2,,S,S2,Filderstadt|Stuttgart Flughafen/Messe|Echterdingen|Leinfelden,8004496,Oberaichen,Baden-Württemberg,Leinfelden-Echterdingen,70771,9.12743664,48.70512422,5,2605271445,,2605271445,,h,1,Störung,,,,,,,0.0,0.0
6860077973327279202-2605271316-22,7136,2605271415,2605271415,4,,S,S1,Herrenberg|Nufringen|Gärtringen|Ehningen(b Böblingen)|Hulb|Böblingen|Goldberg(Württ)|Stuttgart-Rohr|Stuttgart-Vaihingen|Stuttgart-Österfeld|Stuttgart Universität|Stuttgart Schwabstr.|Stuttgart Feuersee|Stuttgart Stadtmitte|Stuttgart Hbf (tief)|Stuttgart-Bad Cannstatt|Stuttgart Neckarpark|Stuttgart-Untertürkheim|Stuttgart-Obertürkheim|Esslingen-Mettingen|Esslingen(Neckar),8004528,Oberesslingen,Baden-Württemberg,Esslingen am Neckar,73730,9.327277435,48.72983585,3,2605271415,,2605271416,,,,,,,,,,,0.0,1.0
-1478657606619347355-2605271352-4,7739,2605271400,2605271400,3,,S,S1,Plochingen|Altbach|Esslingen-Zell,8004528,Oberesslingen,Baden-Württemberg,Esslingen am Neckar,73730,9.327277435,48.72983585,3,2605271400,,2605271400,,h,1,Störung,,,,,,,0.0,0.0
6042905361873535715-2605271346-22,7138,2605271445,2605271445,4,,S,S1,Herrenberg|Nufringen|Gärtringen|Ehningen(b Böblingen)|Hulb|Böblingen|Goldberg(Württ)|Stuttgart-Rohr|Stuttgart-Vaihingen|Stuttgart-Österfeld|Stuttgart Universität|Stuttgart Schwabstr.|Stuttgart Feuersee|Stuttgart Stadtmitte|Stuttgart Hbf (tief)|Stuttgart-Bad Cannstatt|Stuttgart Neckarpark|Stuttgart-Untertürkheim|Stuttgart-Obertürkheim|Esslingen-Mettingen|Esslingen(Neckar),8004528,Oberesslingen,Baden-Württemberg,Esslingen am Neckar,73730,9.327277435,48.72983585,3,2605271456,,2605271456,,h,1,Störung,,,,,,,11.0,11.0
2445452608426707839-2605271304-18,7732,2605271400,2605271400,4,,S,S1,Herrenberg|Böblingen|Goldberg(Württ)|Stuttgart-Rohr|Stuttgart-Vaihingen|Stuttgart-Österfeld|Stuttgart Universität|Stuttgart Schwabstr.|Stuttgart Feuersee|Stuttgart Stadtmitte|Stuttgart Hbf (tief)|Stuttgart-Bad Cannstatt|Stuttgart Neckarpark|Stuttgart-Untertürkheim|Stuttgart-Obertürkheim|Esslingen-Mettingen|Esslingen(Neckar),8004528,Oberesslingen,Baden-Württemberg,Esslingen am Neckar,73730,9.327277435,48.72983585,3,2605271400,,2605271400,,,,,,,,,,,0.0,0.0
-1936486939046904827-2605271331-22,7734,2605271430,2605271430,4,,S,S1,Herrenberg|Nufringen|Gärtringen|Ehningen(b Böblingen)|Hulb|Böblingen|Goldberg(Württ)|Stuttgart-Rohr|Stuttgart-Vaihingen|Stuttgart-Österfeld|Stuttgart Universität|Stuttgart Schwabstr.|Stuttgart Feuersee|Stuttgart Stadtmitte|Stuttgart Hbf (tief)|Stuttgart-Bad Cannstatt|Stuttgart Neckarpark|Stuttgart-Untertürkheim|Stuttgart-Obertürkheim|Esslingen-Mettingen|Esslingen(Neckar),8004528,Oberesslingen,Baden-Württemberg,Esslingen am Neckar,73730,9.327277435,48.72983585,3,2605271451,,2605271451,,h,1,Störung,,,,,p,p,21.0,21.0
-3722178580889207774-2605271422-4,7741,2605271430,2605271430,3,,S,S1,Plochingen|Altbach|Esslingen-Zell,8004528,Oberesslingen,Baden-Württemberg,Esslingen am Neckar,73730,9.327277435,48.72983585,3,2605271431,,2605271431,,h,1,Störung,,,,,,,1.0,1.0
7236638317671658556-2605271420-8,7141,2605271445,2605271445,3,,S,S1,Kirchheim(Teck)|Kirchheim(Teck)-Ötlingen|Wendlingen(Neckar)|Wernau(Neckar)|Plochingen|Altbach|Esslingen-Zell,8004528,Oberesslingen,Baden-Württemberg,Esslingen am Neckar,73730,9.327277435,48.72983585,3,2605271445,,2605271445,,h,1,Störung,,,,,,,0.0,0.0
7004552740739658779-2605271350-8,7139,2605271415,2605271415,3,,S,S1,Kirchheim(Teck)|Kirchheim(Teck)-Ötlingen|Wendlingen(Neckar)|Wernau(Neckar)|Plochingen|Altbach|Esslingen-Zell,8004528,Oberesslingen,Baden-Württemberg,Esslingen am Neckar,73730,9.327277435,48.72983585,3,2605271416,,2605271417,,h,1,Störung,,,,,,,1.0,2.0
-4673584192066442283-2605271344-19,19148,2605271456,2605271457,1,,ARV,MEX16,Ulm Hbf|Beimerstetten|Westerstetten|Lonsee|Urspring|Amstetten(Württ)|Geislingen(Steige)|Geislingen(Steige)West|Kuchen|Gingen(Fils)|Süßen|Salach|Eislingen(Fils)|Göppingen|Faurndau|Uhingen|Ebersbach(Fils)|Reichenbach(Fils),8000302,Plochingen,Baden-Württemberg,Plochingen,73207,9.411294578,48.71293906,2,2605271456,,2605271457,,,,,,,,,,,0.0,0.0
6860077973327279202-2605271316-25,7136,2605271423,2605271425,9,,S,S1,Herrenberg|Nufringen|Gärtringen|Ehningen(b Böblingen)|Hulb|Böblingen|Goldberg(Württ)|Stuttgart-Rohr|Stuttgart-Vaihingen|Stuttgart-Österfeld|Stuttgart Universität|Stuttgart Schwabstr.|Stuttgart Feuersee|Stuttgart Stadtmitte|Stuttgart Hbf (tief)|Stuttgart-Bad Cannstatt|Stuttgart Neckarpark|Stuttgart-Untertürkheim|Stuttgart-Obertürkheim|Esslingen-Mettingen|Esslingen(Neckar)|Oberesslingen|Esslingen-Zell|Altbach,8000302,Plochingen,Baden-Württemberg,Plochingen,73207,9.411294578,48.71293906,2,2605271424,,2605271425,,,,,,,,,,,1.0,0.0
6042905361873535715-2605271346-25,7138,2605271453,2605271455,9,,S,S1,Herrenberg|Nufringen|Gärtringen|Ehningen(b Böblingen)|Hulb|Böblingen|Goldberg(Württ)|Stuttgart-Rohr|Stuttgart-Vaihingen|Stuttgart-Österfeld|Stuttgart Universität|Stuttgart Schwabstr.|Stuttgart Feuersee|Stuttgart Stadtmitte|Stuttgart Hbf (tief)|Stuttgart-Bad Cannstatt|Stuttgart Neckarpark|Stuttgart-Untertürkheim|Stuttgart-Obertürkheim|Esslingen-Mettingen|Esslingen(Neckar)|Oberesslingen|Esslingen-Zell|Altbach,8000302,Plochingen,Baden-Württemberg,Plochingen,73207,9.411294578,48.71293906,2,2605271505,,2605271506,,h,1,Störung,,,,,,,12.0,11.0
2445452608426707839-2605271304-21,7732,2605271408,,10,,S,,Herrenberg|Böblingen|Goldberg(Württ)|Stuttgart-Rohr|Stuttgart-Vaihingen|Stuttgart-Österfeld|Stuttgart Universität|Stuttgart Schwabstr.|Stuttgart Feuersee|Stuttgart Stadtmitte|Stuttgart Hbf (tief)|Stuttgart-Bad Cannstatt|Stuttgart Neckarpark|Stuttgart-Untertürkheim|Stuttgart-Obertürkheim|Esslingen-Mettingen|Esslingen(Neckar)|Oberesslingen|Esslingen-Zell|Altbach,8000302,Plochingen,Baden-Württemberg,Plochingen,73207,9.411294578,48.71293906,2,2605271408,,,,,,,,,,,,,0.0,0.0
8633251930679828811-2605271236-25,19321,2605271442,2605271445,9,,RE,MEX18,Osterburken|Adelsheim Ost|Sennfeld|Roigheim|Möckmühl|Züttlingen|Siglingen|Neudenau|Herbolzheim(Jagst)|Untergriesheim|Bad Friedrichshall Hbf|Neckarsulm|Heilbronn Sülmertor|Heilbronn Hbf|Nordheim(Württ)|Lauffen(Neckar)|Kirchheim(Neckar)|Walheim(Württ)|Besigheim|Bietigheim-Bissingen|Ludwigsburg|Stuttgart Hbf|Stuttgart-Bad Cannstatt|Esslingen(Neckar),8000302,Plochingen,Baden-Württemberg,Plochingen,73207,9.411294578,48.71293906,2,2605271500,,2605271502,,h,2,Information,,,,,,,18.0,17.0
-4628373679111248828-2605271403-4,19147,2605271423,2605271433,6,,ARV,MEX16,Stuttgart Hbf|Stuttgart-Bad Cannstatt|Esslingen(Neckar),8000302,Plochingen,Baden-Württemberg,Plochingen,73207,9.411294578,48.71293906,2,2605271424,,2605271435,,,,,,,,,,,1.0,2.0
-7554900795213045256-2605271320-19,19146,2605271428,2605271432,1,,ARV,MEX16,Ulm Hbf|Beimerstetten|Westerstetten|Lonsee|Urspring|Amstetten(Württ)|Geislingen(Steige)|Geislingen(Steige)West|Kuchen|Gingen(Fils)|Süßen|Salach|Eislingen(Fils)|Göppingen|Faurndau|Uhingen|Ebersbach(Fils)|Reichenbach(Fils),8000302,Plochingen,Baden-Württemberg,Plochingen,73207,9.411294578,48.71293906,2,2605271429,,2605271432,,,,,,,,,,,1.0,0.0
6756447695356970455-2605271439-3,4221,2605271454,2605271456,4,,RE,RE5,Stuttgart Hbf|Esslingen(Neckar),8000302,Plochingen,Baden-Württemberg,Plochingen,73207,9.411294578,48.71293906,2,2605271501,,2605271502,,h,2,Störung,,,,,,,7.0,6.0
6234051157455555779-2605271257-12,19225,2605271411,2605271412,9,,RE,MEX12,Heilbronn Hbf|Nordheim(Württ)|Lauffen(Neckar)|Kirchheim(Neckar)|Walheim(Württ)|Besigheim|Bietigheim-Bissingen|Ludwigsburg|Stuttgart Hbf|Stuttgart-Bad Cannstatt|Esslingen(Neckar),8000302,Plochingen,Baden-Württemberg,Plochingen,73207,9.411294578,48.71293906,2,2605271413,,2605271414,,h,2,Information,,,,,,,2.0,2.0
-435947149290413357-2605271405-8,19234,2605271446,2605271447,7,,RE,MEX12,Tübingen Hbf|Reutlingen Hbf|Metzingen(Württ)|Bempflingen|Nürtingen|Oberboihingen|Wendlingen(Neckar),8000302,Plochingen,Baden-Württemberg,Plochingen,73207,9.411294578,48.71293906,2,2605271446,,2605271447,,h,2,Information,,,,,,,0.0,0.0
-910509577062402043-2605271340-4,19145,2605271400,2605271400,6,,ARV,MEX16,Stuttgart Hbf|Stuttgart-Bad Cannstatt|Esslingen(Neckar),8000302,Plochingen,Baden-Württemberg,Plochingen,73207,9.411294578,48.71293906,2,2605271400,,2605271401,,,,,,,,,,,0.0,1.0
-2048577948449920744-2605271230-9,4242,2605271402,2605271406,1,,RE,RE5,Aulendorf|Bad Schussenried|Biberach(Riß) Süd|Biberach(Riß)|Laupheim West|Ulm Hbf|Geislingen(Steige)|Göppingen,8000302,Plochingen,Baden-Württemberg,Plochingen,73207,9.411294578,48.71293906,2,2605271402,,2605271406,,h,2,Störung,,,,,,,0.0,0.0
-1936486939046904827-2605271331-25,7734,2605271438,,10,,S,,Herrenberg|Nufringen|Gärtringen|Ehningen(b Böblingen)|Hulb|Böblingen|Goldberg(Württ)|Stuttgart-Rohr|Stuttgart-Vaihingen|Stuttgart-Österfeld|Stuttgart Universität|Stuttgart Schwabstr.|Stuttgart Feuersee|Stuttgart Stadtmitte|Stuttgart Hbf (tief)|Stuttgart-Bad Cannstatt|Stuttgart Neckarpark|Stuttgart-Untertürkheim|Stuttgart-Obertürkheim|Esslingen-Mettingen|Esslingen(Neckar)|Oberesslingen|Esslingen-Zell|Altbach,8000302,Plochingen,Baden-Württemberg,Plochingen,73207,9.411294578,48.71293906,2,2605271458,,,,h,1,Störung,,,,,p,,20.0,0.0
-3722178580889207774-2605271422-1,7741,,2605271422,,,S,S1,,8000302,Plochingen,Baden-Württemberg,Plochingen,73207,9.411294578,48.71293906,2,,,2605271423,,h,1,Störung,,,,,,,0.0,1.0
-1544538779323315833-2605271333-6,19320,2605271411,2605271412,6,,RE,MEX18,Tübingen Hbf|Reutlingen Hbf|Metzingen(Württ)|Nürtingen|Wendlingen(Neckar),8000302,Plochingen,Baden-Württemberg,Plochingen,73207,9.411294578,48.71293906,2,2605271413,,2605271413,,h,2,Information,,,,,,,2.0,1.0
-7694665902753715495-2605271452-1,7743,,2605271452,,,S,S1,,8000302,Plochingen,Baden-Württemberg,Plochingen,73207,9.411294578,48.71293906,2,,,2605271510,,h,1,Störung,,,,,,,0.0,18.0
7236638317671658556-2605271420-5,7141,2605271435,2605271437,9,,S,S1,Kirchheim(Teck)|Kirchheim(Teck)-Ötlingen|Wendlingen(Neckar)|Wernau(Neckar),8000302,Plochingen,Baden-Württemberg,Plochingen,73207,9.411294578,48.71293906,2,2605271435,,2605271437,,h,1,Störung,,,,,,,0.0,0.0
7004552740739658779-2605271350-5,7139,2605271405,2605271407,9,,S,S1,Kirchheim(Teck)|Kirchheim(Teck)-Ötlingen|Wendlingen(Neckar)|Wernau(Neckar),8000302,Plochingen,Baden-Württemberg,Plochingen,73207,9.411294578,48.71293906,2,2605271409,,2605271410,,h,1,Störung,,,,,,,4.0,3.0
436949091827174438-2605271404-7,7037,2605271420,,2,,S,,Böblingen|Sindelfingen|Maichingen|Maichingen Nord|Magstadt|Renningen Süd,8000313,Renningen,Baden-Württemberg,Renningen,71272,8.932650148,48.77515509,3,2605271421,,,,,,,,,,,,,1.0,0.0
4948280059783217587-2605271409-1,7038,,2605271409,,,S,S60,,8000313,Renningen,Baden-Württemberg,Renningen,71272,8.932650148,48.77515509,3,,,2605271413,2,,,,,,,,,,0.0,4.0
-5316665284018315725-2605271412-15,7636,2605271449,2605271452,3,,S,S6,Stuttgart Schwabstr.|Stuttgart Feuersee|Stuttgart Stadtmitte|Stuttgart Hbf (tief)|Stuttgart Nordbahnhof|Stuttgart-Feuerbach|Stuttgart-Zuffenhausen|Neuwirtshaus(Porscheplatz)|Korntal|Weilimdorf|Ditzingen|Höfingen|Leonberg|Rutesheim,8000313,Renningen,Baden-Württemberg,Renningen,71272,8.932650148,48.77515509,3,2605271510,,2605271510,,h,1,Störung,,,,,,,21.0,18.0
1188384783134199026-2605271342-15,7634,2605271419,2605271422,3,,S,S6,Stuttgart Schwabstr.|Stuttgart Feuersee|Stuttgart Stadtmitte|Stuttgart Hbf (tief)|Stuttgart Nordbahnhof|Stuttgart-Feuerbach|Stuttgart-Zuffenhausen|Neuwirtshaus(Porscheplatz)|Korntal|Weilimdorf|Ditzingen|Höfingen|Leonberg|Rutesheim,8000313,Renningen,Baden-Württemberg,Renningen,71272,8.932650148,48.77515509,3,2605271432,,2605271432,,,,,,,,,,,13.0,10.0
-4327327279162025655-2605271433-3,7641,2605271437,2605271441,2,,S,S6,Weil der Stadt|Malmsheim,8000313,Renningen,Baden-Württemberg,Renningen,71272,8.932650148,48.77515509,3,2605271444,,2605271452,,h,1,Störung,,,,,,,7.0,11.0
-3747023062711209303-2605271434-7,7039,2605271450,,2,,S,,Böblingen|Sindelfingen|Maichingen|Maichingen Nord|Magstadt|Renningen Süd,8000313,Renningen,Baden-Württemberg,Renningen,71272,8.932650148,48.77515509,3,2605271540,,,,,,,,,Böblingen|Sindelfingen|Maichingen|Maichingen Nord|Magstadt|Renningen Süd,,,,50.0,0.0
-2645153808296859604-2605271403-3,7639,2605271407,2605271411,2,,S,S6,Weil der Stadt|Malmsheim,8000313,Renningen,Baden-Württemberg,Renningen,71272,8.932650148,48.77515509,3,2605271412,3,2605271415,3,h,1,Störung,,,,,,,5.0,4.0
4237730382828493151-2605271439-1,7040,,2605271439,,,S,S60,,8000313,Renningen,Baden-Württemberg,Renningen,71272,8.932650148,48.77515509,3,,,2605271441,2,,,,,,,,,,0.0,2.0
-8630800119482065054-2605271433-9,7837,2605271451,2605271452,2,,S,S2,Schorndorf|Weiler(Rems)|Winterbach(b Schorndorf)|Geradstetten|Grunbach|Beutelsbach|Endersbach|Stetten-Beinstein,8005157,Rommelshausen,Baden-Württemberg,Kernen,71394,9.319175885,48.81552017,4,2605271451,,2605271452,,h,1,Störung,,,,,,,0.0,0.0
-5065266161330824658-2605271348-19,7836,2605271437,2605271437,1,,S,S2,Filderstadt|Stuttgart Flughafen/Messe|Echterdingen|Leinfelden|Oberaichen|Stuttgart-Rohr|Stuttgart-Vaihingen|Stuttgart-Österfeld|Stuttgart Universität|Stuttgart Schwabstr.|Stuttgart Feuersee|Stuttgart Stadtmitte|Stuttgart Hbf (tief)|Stuttgart-Bad Cannstatt|Stuttgart Nürnberger Str.|Stuttgart-Sommerrain|Fellbach|Waiblingen,8005157,Rommelshausen,Baden-Württemberg,Kernen,71394,9.319175885,48.81552017,4,2605271439,,2605271439,,h,1,Störung,,,,,,,2.0,2.0
-955797221433152779-2605271333-19,7234,2605271422,2605271422,1,,S,S2,Filderstadt|Stuttgart Flughafen/Messe|Echterdingen|Leinfelden|Oberaichen|Stuttgart-Rohr|Stuttgart-Vaihingen|Stuttgart-Österfeld|Stuttgart Universität|Stuttgart Schwabstr.|Stuttgart Feuersee|Stuttgart Stadtmitte|Stuttgart Hbf (tief)|Stuttgart-Bad Cannstatt|Stuttgart Nürnberger Str.|Stuttgart-Sommerrain|Fellbach|Waiblingen,8005157,Rommelshausen,Baden-Württemberg,Kernen,71394,9.319175885,48.81552017,4,2605271424,,2605271425,,h,1,Störung,,,,,,,2.0,3.0
-5955272615429035569-2605271418-9,7241,2605271436,2605271437,2,,S,S2,Schorndorf|Weiler(Rems)|Winterbach(b Schorndorf)|Geradstetten|Grunbach|Beutelsbach|Endersbach|Stetten-Beinstein,8005157,Rommelshausen,Baden-Württemberg,Kernen,71394,9.319175885,48.81552017,4,2605271437,,2605271438,,h,1,Störung,,,,,,,1.0,1.0
-8059892926335795903-2605271348-9,7239,2605271406,2605271407,2,,S,S2,Schorndorf|Weiler(Rems)|Winterbach(b Schorndorf)|Geradstetten|Grunbach|Beutelsbach|Endersbach|Stetten-Beinstein,8005157,Rommelshausen,Baden-Württemberg,Kernen,71394,9.319175885,48.81552017,4,2605271406,,2605271407,,h,1,Störung,,,,,,,0.0,0.0
3892636712455777835-2605271318-19,7834,2605271407,2605271407,1,,S,S2,Filderstadt|Stuttgart Flughafen/Messe|Echterdingen|Leinfelden|Oberaichen|Stuttgart-Rohr|Stuttgart-Vaihingen|Stuttgart-Österfeld|Stuttgart Universität|Stuttgart Schwabstr.|Stuttgart Feuersee|Stuttgart Stadtmitte|Stuttgart Hbf (tief)|Stuttgart-Bad Cannstatt|Stuttgart Nürnberger Str.|Stuttgart-Sommerrain|Fellbach|Waiblingen,8005157,Rommelshausen,Baden-Württemberg,Kernen,71394,9.319175885,48.81552017,4,2605271409,,2605271409,,,,,,,,,,,2.0,2.0
988265121258628834-2605271403-9,7835,2605271421,2605271422,2,,S,S2,Schorndorf|Weiler(Rems)|Winterbach(b Schorndorf)|Geradstetten|Grunbach|Beutelsbach|Endersbach|Stetten-Beinstein,8005157,Rommelshausen,Baden-Württemberg,Kernen,71394,9.319175885,48.81552017,4,2605271422,,2605271424,,h,1,Störung,,,,,,,1.0,2.0
-7476481686954670934-2605271403-19,7236,2605271452,2605271452,1,,S,S2,Filderstadt|Stuttgart Flughafen/Messe|Echterdingen|Leinfelden|Oberaichen|Stuttgart-Rohr|Stuttgart-Vaihingen|Stuttgart-Österfeld|Stuttgart Universität|Stuttgart Schwabstr.|Stuttgart Feuersee|Stuttgart Stadtmitte|Stuttgart Hbf (tief)|Stuttgart-Bad Cannstatt|Stuttgart Nürnberger Str.|Stuttgart-Sommerrain|Fellbach|Waiblingen,8005157,Rommelshausen,Baden-Württemberg,Kernen,71394,9.319175885,48.81552017,4,2605271458,,2605271459,,h,1,Störung,,,,,,,6.0,7.0
-5316665284018315725-2605271412-14,7636,2605271446,2605271446,1,,S,S6,Stuttgart Schwabstr.|Stuttgart Feuersee|Stuttgart Stadtmitte|Stuttgart Hbf (tief)|Stuttgart Nordbahnhof|Stuttgart-Feuerbach|Stuttgart-Zuffenhausen|Neuwirtshaus(Porscheplatz)|Korntal|Weilimdorf|Ditzingen|Höfingen|Leonberg,8005236,Rutesheim,Baden-Württemberg,Leonberg,71229,8.960325242,48.79031093,5,2605271506,,2605271506,,h,1,Störung,,,,,,,20.0,20.0
1188384783134199026-2605271342-14,7634,2605271416,2605271416,1,,S,S6,Stuttgart Schwabstr.|Stuttgart Feuersee|Stuttgart Stadtmitte|Stuttgart Hbf (tief)|Stuttgart Nordbahnhof|Stuttgart-Feuerbach|Stuttgart-Zuffenhausen|Neuwirtshaus(Porscheplatz)|Korntal|Weilimdorf|Ditzingen|Höfingen|Leonberg,8005236,Rutesheim,Baden-Württemberg,Leonberg,71229,8.960325242,48.79031093,5,2605271428,,2605271428,,,,,,,,,,,12.0,12.0
-4327327279162025655-2605271433-4,7641,2605271443,2605271444,1,,S,S6,Weil der Stadt|Malmsheim|Renningen,8005236,Rutesheim,Baden-Württemberg,Leonberg,71229,8.960325242,48.79031093,5,2605271459,,2605271500,,h,1,Störung,,,,,,,16.0,16.0
-2645153808296859604-2605271403-4,7639,2605271413,2605271414,1,,S,S6,Weil der Stadt|Malmsheim|Renningen,8005236,Rutesheim,Baden-Württemberg,Leonberg,71229,8.960325242,48.79031093,5,2605271420,,2605271420,,h,1,Störung,,,,,,,7.0,6.0
-8630800119482065054-2605271433-1,7837,,2605271433,,,S,S2,,8005424,Schorndorf,Baden-Württemberg,Schorndorf,73614,9.525686251,48.80693898,3,,,2605271433,,h,1,Störung,,,,,,,0.0,0.0
8032892222796118695-2605271347-4,19419,2605271413,2605271414,2,,ARV,MEX13,Stuttgart Hbf|Stuttgart-Bad Cannstatt|Waiblingen,8005424,Schorndorf,Baden-Württemberg,Schorndorf,73614,9.525686251,48.80693898,3,2605271414,,2605271415,,,,,,,,,,,1.0,1.0
-5065266161330824658-2605271348-27,7836,2605271455,,14,,S,,Filderstadt|Stuttgart Flughafen/Messe|Echterdingen|Leinfelden|Oberaichen|Stuttgart-Rohr|Stuttgart-Vaihingen|Stuttgart-Österfeld|Stuttgart Universität|Stuttgart Schwabstr.|Stuttgart Feuersee|Stuttgart Stadtmitte|Stuttgart Hbf (tief)|Stuttgart-Bad Cannstatt|Stuttgart Nürnberger Str.|Stuttgart-Sommerrain|Fellbach|Waiblingen|Rommelshausen|Stetten-Beinstein|Endersbach|Beutelsbach|Grunbach|Geradstetten|Winterbach(b Schorndorf)|Weiler(Rems),8005424,Schorndorf,Baden-Württemberg,Schorndorf,73614,9.525686251,48.80693898,3,2605271455,,,,h,1,Störung,,,,,,,0.0,0.0
-955797221433152779-2605271333-27,7234,2605271440,,1,,S,,Filderstadt|Stuttgart Flughafen/Messe|Echterdingen|Leinfelden|Oberaichen|Stuttgart-Rohr|Stuttgart-Vaihingen|Stuttgart-Österfeld|Stuttgart Universität|Stuttgart Schwabstr.|Stuttgart Feuersee|Stuttgart Stadtmitte|Stuttgart Hbf (tief)|Stuttgart-Bad Cannstatt|Stuttgart Nürnberger Str.|Stuttgart-Sommerrain|Fellbach|Waiblingen|Rommelshausen|Stetten-Beinstein|Endersbach|Beutelsbach|Grunbach|Geradstetten|Winterbach(b Schorndorf)|Weiler(Rems),8005424,Schorndorf,Baden-Württemberg,Schorndorf,73614,9.525686251,48.80693898,3,2605271442,,,,h,1,Störung,,,,,,,2.0,0.0
6090349839205683457-2605271311-15,19472,2605271413,2605271414,3,,ARV,MEX13,Ellwangen|Schrezheim|Schwabsberg|Goldshöfe|Hofen(b Aalen)|Wasseralfingen|Aalen Hbf|Mögglingen(Gmünd)|Böbingen(Rems)|Schwäbisch Gmünd|Lorch(Württ)|Waldhausen(b Schorndorf)|Plüderhausen|Urbach(b Schorndorf),8005424,Schorndorf,Baden-Württemberg,Schorndorf,73614,9.525686251,48.80693898,3,2605271416,,2605271417,,,,,,,,,,,3.0,3.0
-5955272615429035569-2605271418-1,7241,,2605271418,,,S,S2,,8005424,Schorndorf,Baden-Württemberg,Schorndorf,73614,9.525686251,48.80693898,3,,,2605271419,,h,1,Störung,,,,,,,0.0,1.0
3892636712455777835-2605271318-27,7834,2605271425,,14,,S,,Filderstadt|Stuttgart Flughafen/Messe|Echterdingen|Leinfelden|Oberaichen|Stuttgart-Rohr|Stuttgart-Vaihingen|Stuttgart-Österfeld|Stuttgart Universität|Stuttgart Schwabstr.|Stuttgart Feuersee|Stuttgart Stadtmitte|Stuttgart Hbf (tief)|Stuttgart-Bad Cannstatt|Stuttgart Nürnberger Str.|Stuttgart-Sommerrain|Fellbach|Waiblingen|Rommelshausen|Stetten-Beinstein|Endersbach|Beutelsbach|Grunbach|Geradstetten|Winterbach(b Schorndorf)|Weiler(Rems),8005424,Schorndorf,Baden-Württemberg,Schorndorf,73614,9.525686251,48.80693898,3,2605271425,,,,,,,,,,,,,0.0,0.0
2077666495655925441-2605271420-1,3156,,2605271420,,,WEG,RB61,,8005424,Schorndorf,Baden-Württemberg,Schorndorf,73614,9.525686251,48.80693898,3,,,,,,,,,,,,,,0.0,0.0
7595320018735091452-2605271303-27,7232,2605271410,,1,,S,,Filderstadt|Stuttgart Flughafen/Messe|Echterdingen|Leinfelden|Oberaichen|Stuttgart-Rohr|Stuttgart-Vaihingen|Stuttgart-Österfeld|Stuttgart Universität|Stuttgart Schwabstr.|Stuttgart Feuersee|Stuttgart Stadtmitte|Stuttgart Hbf (tief)|Stuttgart-Bad Cannstatt|Stuttgart Nürnberger Str.|Stuttgart-Sommerrain|Fellbach|Waiblingen|Rommelshausen|Stetten-Beinstein|Endersbach|Beutelsbach|Grunbach|Geradstetten|Winterbach(b Schorndorf)|Weiler(Rems),8005424,Schorndorf,Baden-Württemberg,Schorndorf,73614,9.525686251,48.80693898,3,2605271410,,,,,,,,,,,,,0.0,0.0
-3934810304618796517-2605271448-1,7243,,2605271448,,,S,S2,,8005424,Schorndorf,Baden-Württemberg,Schorndorf,73614,9.525686251,48.80693898,3,,,2605271448,,h,1,Störung,,,,,,,0.0,0.0
-6789865072698659382-2605271407-9,19424,2605271443,2605271444,3,,ARV,MEX13,Aalen Hbf|Mögglingen(Gmünd)|Böbingen(Rems)|Schwäbisch Gmünd|Lorch(Württ)|Waldhausen(b Schorndorf)|Plüderhausen|Urbach(b Schorndorf),8005424,Schorndorf,Baden-Württemberg,Schorndorf,73614,9.525686251,48.80693898,3,2605271443,,2605271444,,,,,,,,,,,0.0,0.0
988265121258628834-2605271403-1,7835,,2605271403,,,S,S2,,8005424,Schorndorf,Baden-Württemberg,Schorndorf,73614,9.525686251,48.80693898,3,,,2605271404,,h,1,Störung,,,,,,,0.0,1.0
63052419890451744-2605271420-4,19471,2605271443,2605271444,2,,ARV,MEX13,Stuttgart Hbf|Stuttgart-Bad Cannstatt|Waiblingen,8005424,Schorndorf,Baden-Württemberg,Schorndorf,73614,9.525686251,48.80693898,3,2605271445,,2605271446,,,,,,,,,,,2.0,2.0
1842878136572255498-2605271311-5,19678,2605271428,2605271429,3,,ARV,RE1,Crailsheim|Ellwangen|Aalen Hbf|Schwäbisch Gmünd,8005424,Schorndorf,Baden-Württemberg,Schorndorf,73614,9.525686251,48.80693898,3,2605271429,,2605271430,,,,,,,,,,,1.0,1.0
8492386071016530202-2605271450-1,3158,,2605271450,,,WEG,RB61,,8005424,Schorndorf,Baden-Württemberg,Schorndorf,73614,9.525686251,48.80693898,3,,,2605271450,,,,,,,,,,,0.0,0.0
-9124186752127178852-2605271349-10,3155,2605271409,,5,,WEG,,Rudersberg-Oberndorf|Rudersberg Nord|Rudersberg|Schlechtbach|Michelau(Württ)|Miedelsbach-Steinenberg|Haubersbronn Mitte|Haubersbronn|Schorndorf-Hammerschlag,8005424,Schorndorf,Baden-Württemberg,Schorndorf,73614,9.525686251,48.80693898,3,,,,,,,,,,,,,,0.0,0.0
-6942376422744492295-2605271419-10,3157,2605271439,,5,,WEG,,Rudersberg-Oberndorf|Rudersberg Nord|Rudersberg|Schlechtbach|Michelau(Württ)|Miedelsbach-Steinenberg|Haubersbronn Mitte|Haubersbronn|Schorndorf-Hammerschlag,8005424,Schorndorf,Baden-Württemberg,Schorndorf,73614,9.525686251,48.80693898,3,2605271439,,,,,,,,,,,,,0.0,0.0
6554930112927852478-2605271411-5,7339,2605271422,2605271423,1,,S,S3,Backnang|Maubach|Nellmersbach|Winnenden,8005454,Schwaikheim,Baden-Württemberg,Schwaikheim,71409,9.354747358,48.86832665,4,2605271425,,2605271425,,h,1,Störung,,,,,,,3.0,2.0
-4213544138721587197-2605271345-14,28332,2605271421,2605271421,2,,S,S3,Stuttgart-Vaihingen|Stuttgart-Österfeld|Stuttgart Universität|Stuttgart Schwabstr.|Stuttgart Feuersee|Stuttgart Stadtmitte|Stuttgart Hbf (tief)|Stuttgart-Bad Cannstatt|Stuttgart Nürnberger Str.|Stuttgart-Sommerrain|Fellbach|Waiblingen|Neustadt-Hohenacker,8005454,Schwaikheim,Baden-Württemberg,Schwaikheim,71409,9.354747358,48.86832665,4,2605271421,,2605271421,,,,,,,,,,,0.0,0.0
-1157059812177875045-2605271356-5,28333,2605271407,2605271408,1,,S,S3,Backnang|Maubach|Nellmersbach|Winnenden,8005454,Schwaikheim,Baden-Württemberg,Schwaikheim,71409,9.354747358,48.86832665,4,2605271408,,2605271408,,h,1,Störung,,,,,,,1.0,0.0
959092593719343738-2605271426-5,28335,2605271437,2605271438,1,,S,S3,Backnang|Maubach|Nellmersbach|Winnenden,8005454,Schwaikheim,Baden-Württemberg,Schwaikheim,71409,9.354747358,48.86832665,4,2605271437,,2605271438,,h,1,Störung,,,,,,,0.0,0.0
-7901739776993152202-2605271330-14,7334,2605271406,2605271406,2,,S,S3,Stuttgart-Vaihingen|Stuttgart-Österfeld|Stuttgart Universität|Stuttgart Schwabstr.|Stuttgart Feuersee|Stuttgart Stadtmitte|Stuttgart Hbf (tief)|Stuttgart-Bad Cannstatt|Stuttgart Nürnberger Str.|Stuttgart-Sommerrain|Fellbach|Waiblingen|Neustadt-Hohenacker,8005454,Schwaikheim,Baden-Württemberg,Schwaikheim,71409,9.354747358,48.86832665,4,2605271406,,2605271407,,,,,,,,,,,0.0,1.0
-8962126915234620710-2605271441-5,7341,2605271452,2605271453,1,,S,S3,Backnang|Maubach|Nellmersbach|Winnenden,8005454,Schwaikheim,Baden-Württemberg,Schwaikheim,71409,9.354747358,48.86832665,4,2605271453,,2605271453,,h,1,Störung,,,,,,,1.0,0.0
3573720910347828828-2605271415-14,28334,2605271451,2605271451,2,,S,S3,Stuttgart-Vaihingen|Stuttgart-Österfeld|Stuttgart Universität|Stuttgart Schwabstr.|Stuttgart Feuersee|Stuttgart Stadtmitte|Stuttgart Hbf (tief)|Stuttgart-Bad Cannstatt|Stuttgart Nürnberger Str.|Stuttgart-Sommerrain|Fellbach|Waiblingen|Neustadt-Hohenacker,8005454,Schwaikheim,Baden-Württemberg,Schwaikheim,71409,9.354747358,48.86832665,4,2605271455,,2605271456,,h,1,Störung,,,,,,,4.0,5.0
-41822505101306185-2605271400-14,7336,2605271436,2605271436,2,,S,S3,Stuttgart-Vaihingen|Stuttgart-Österfeld|Stuttgart Universität|Stuttgart Schwabstr.|Stuttgart Feuersee|Stuttgart Stadtmitte|Stuttgart Hbf (tief)|Stuttgart-Bad Cannstatt|Stuttgart Nürnberger Str.|Stuttgart-Sommerrain|Fellbach|Waiblingen|Neustadt-Hohenacker,8005454,Schwaikheim,Baden-Württemberg,Schwaikheim,71409,9.354747358,48.86832665,4,2605271438,,2605271438,,h,1,Störung,,,,,,,2.0,2.0
436949091827174438-2605271404-2,7037,2605271406,2605271407,1,,S,S60,Böblingen,8005574,Sindelfingen,Baden-Württemberg,Sindelfingen,71063,8.999262079,48.70387346,6,2605271407,,2605271407,,,,,,,,,,,1.0,0.0
4948280059783217587-2605271409-6,7038,2605271422,2605271423,1,,S,S60,Renningen|Renningen Süd|Magstadt|Maichingen Nord|Maichingen,8005574,Sindelfingen,Baden-Württemberg,Sindelfingen,71063,8.999262079,48.70387346,6,2605271426,,2605271426,,,,,,,,,,,4.0,3.0
-3747023062711209303-2605271434-2,7039,2605271436,2605271437,1,,S,S60,Böblingen,8005574,Sindelfingen,Baden-Württemberg,Sindelfingen,71063,8.999262079,48.70387346,6,2605271437,,2605271527,,,,,,,Böblingen,Maichingen|Maichingen Nord|Magstadt|Renningen Süd|Renningen,,,1.0,50.0
4237730382828493151-2605271439-6,7040,2605271452,2605271453,1,,S,S60,Renningen|Renningen Süd|Magstadt|Maichingen Nord|Maichingen,8005574,Sindelfingen,Baden-Württemberg,Sindelfingen,71063,8.999262079,48.70387346,6,2605271526,,2605271527,,,,,,,Renningen|Renningen Süd|Magstadt|Maichingen Nord|Maichingen,Böblingen,c,c,34.0,34.0
-8630800119482065054-2605271433-8,7837,2605271449,2605271449,2,,S,S2,Schorndorf|Weiler(Rems)|Winterbach(b Schorndorf)|Geradstetten|Grunbach|Beutelsbach|Endersbach,8005726,Stetten-Beinstein,Baden-Württemberg,Weinstadt,71384,9.352769725,48.81199601,5,2605271449,,2605271449,,h,1,Störung,,,,,,,0.0,0.0
-5065266161330824658-2605271348-20,7836,2605271439,2605271439,1,,S,S2,Filderstadt|Stuttgart Flughafen/Messe|Echterdingen|Leinfelden|Oberaichen|Stuttgart-Rohr|Stuttgart-Vaihingen|Stuttgart-Österfeld|Stuttgart Universität|Stuttgart Schwabstr.|Stuttgart Feuersee|Stuttgart Stadtmitte|Stuttgart Hbf (tief)|Stuttgart-Bad Cannstatt|Stuttgart Nürnberger Str.|Stuttgart-Sommerrain|Fellbach|Waiblingen|Rommelshausen,8005726,Stetten-Beinstein,Baden-Württemberg,Weinstadt,71384,9.352769725,48.81199601,5,2605271441,,2605271441,,h,1,Störung,,,,,,,2.0,2.0
-955797221433152779-2605271333-20,7234,2605271424,2605271424,1,,S,S2,Filderstadt|Stuttgart Flughafen/Messe|Echterdingen|Leinfelden|Oberaichen|Stuttgart-Rohr|Stuttgart-Vaihingen|Stuttgart-Österfeld|Stuttgart Universität|Stuttgart Schwabstr.|Stuttgart Feuersee|Stuttgart Stadtmitte|Stuttgart Hbf (tief)|Stuttgart-Bad Cannstatt|Stuttgart Nürnberger Str.|Stuttgart-Sommerrain|Fellbach|Waiblingen|Rommelshausen,8005726,Stetten-Beinstein,Baden-Württemberg,Weinstadt,71384,9.352769725,48.81199601,5,2605271427,,2605271427,,h,1,Störung,,,,,,,3.0,3.0
-5955272615429035569-2605271418-8,7241,2605271434,2605271434,2,,S,S2,Schorndorf|Weiler(Rems)|Winterbach(b Schorndorf)|Geradstetten|Grunbach|Beutelsbach|Endersbach,8005726,Stetten-Beinstein,Baden-Württemberg,Weinstadt,71384,9.352769725,48.81199601,5,2605271434,,2605271435,,h,1,Störung,,,,,,,0.0,1.0
-8059892926335795903-2605271348-8,7239,2605271404,2605271404,2,,S,S2,Schorndorf|Weiler(Rems)|Winterbach(b Schorndorf)|Geradstetten|Grunbach|Beutelsbach|Endersbach,8005726,Stetten-Beinstein,Baden-Württemberg,Weinstadt,71384,9.352769725,48.81199601,5,2605271404,,2605271404,,h,1,Störung,,,,,,,0.0,0.0
3892636712455777835-2605271318-20,7834,2605271409,2605271409,1,,S,S2,Filderstadt|Stuttgart Flughafen/Messe|Echterdingen|Leinfelden|Oberaichen|Stuttgart-Rohr|Stuttgart-Vaihingen|Stuttgart-Österfeld|Stuttgart Universität|Stuttgart Schwabstr.|Stuttgart Feuersee|Stuttgart Stadtmitte|Stuttgart Hbf (tief)|Stuttgart-Bad Cannstatt|Stuttgart Nürnberger Str.|Stuttgart-Sommerrain|Fellbach|Waiblingen|Rommelshausen,8005726,Stetten-Beinstein,Baden-Württemberg,Weinstadt,71384,9.352769725,48.81199601,5,2605271411,,2605271411,,,,,,,,,,,2.0,2.0
988265121258628834-2605271403-8,7835,2605271419,2605271419,2,,S,S2,Schorndorf|Weiler(Rems)|Winterbach(b Schorndorf)|Geradstetten|Grunbach|Beutelsbach|Endersbach,8005726,Stetten-Beinstein,Baden-Württemberg,Weinstadt,71384,9.352769725,48.81199601,5,2605271420,,2605271420,,h,1,Störung,,,,,,,1.0,1.0
-7476481686954670934-2605271403-20,7236,2605271454,2605271454,1,,S,S2,Filderstadt|Stuttgart Flughafen/Messe|Echterdingen|Leinfelden|Oberaichen|Stuttgart-Rohr|Stuttgart-Vaihingen|Stuttgart-Österfeld|Stuttgart Universität|Stuttgart Schwabstr.|Stuttgart Feuersee|Stuttgart Stadtmitte|Stuttgart Hbf (tief)|Stuttgart-Bad Cannstatt|Stuttgart Nürnberger Str.|Stuttgart-Sommerrain|Fellbach|Waiblingen|Rommelshausen,8005726,Stetten-Beinstein,Baden-Württemberg,Weinstadt,71384,9.352769725,48.81199601,5,2605271501,,2605271501,,h,1,Störung,,,,,,,7.0,7.0
-518662034719112596-2605271053-4,9573,2605271414,,4,,ICE,,Paris Est|Strasbourg|Karlsruhe Hbf,8000096,Stuttgart Hbf,Baden-Württemberg,Stuttgart,70173,9.183172973,48.78473069,1,2605271444,8,,,h,2,Information,,,Paris Est|Strasbourg|Karlsruhe Hbf,,,,30.0,0.0
7533869279998948138-2605270844-8,577,2605271438,,6,,ICE,,Hamburg Hbf|Hamburg-Harburg|Hannover Hbf|Göttingen|Kassel-Wilhelmshöhe|Frankfurt(Main)Hbf|Mannheim Hbf,8000096,Stuttgart Hbf,Baden-Württemberg,Stuttgart,70173,9.183172973,48.78473069,1,2605271507,,,,h,3,Information,,,,,,,29.0,0.0
-4602427783665327588-2605270703-16,517,2605271411,2605271417,15,,ICE,,Hamburg-Altona|Hamburg Dammtor|Hamburg Hbf|Hamburg-Harburg|Bremen Hbf|Osnabrück Hbf|Münster(Westf)Hbf|Dortmund Hbf|Bochum Hbf|Essen Hbf|Duisburg Hbf|Düsseldorf Hbf|Köln Hbf|Frankfurt(M) Flughafen Fernbf|Mannheim Hbf,8000096,Stuttgart Hbf,Baden-Württemberg,Stuttgart,70173,9.183172973,48.78473069,1,2605271412,,2605271419,,h,1,Störung,,,,,,,1.0,2.0
-6735190005234876577-2605271446-1,19518,,2605271446,,,RE,MEX17,,8000096,Stuttgart Hbf,Baden-Württemberg,Stuttgart,70173,9.183172973,48.78473069,1,,,2605271450,,h,2,Information,,,,,,,0.0,4.0
4554148550216211242-2605271456-1,88621,,2605271456,,,ARV,RE90,,8000096,Stuttgart Hbf,Baden-Württemberg,Stuttgart,70173,9.183172973,48.78473069,1,,,2605271456,,,,,,,,,,,0.0,0.0
-1504413914279880832-2605270916-14,2013,2605271450,2605271500,16,,IC,,Dortmund Hbf|Bochum Hbf|Essen Hbf|Duisburg Hbf|Düsseldorf Flughafen|Düsseldorf Hbf|Köln Hbf|Bonn Hbf|Koblenz Hbf|Mainz Hbf|Mannheim Hbf|Heidelberg Hbf|Vaihingen(Enz),8000096,Stuttgart Hbf,Baden-Württemberg,Stuttgart,70173,9.183172973,48.78473069,1,2605271525,,2605271539,,h,1,Störung,,,Dortmund Hbf|Bochum Hbf|Essen Hbf|Duisburg Hbf|Düsseldorf Flughafen|Düsseldorf Hbf|Köln Hbf|Bonn Hbf|Koblenz Hbf|Mainz Hbf|Mannheim Hbf|Heidelberg Hbf|Vaihingen(Enz),Plochingen|Göppingen|Ulm Hbf|Memmingen|Kempten(Allgäu)Hbf|Immenstadt|Fischen|Oberstdorf,,,35.0,39.0
307267775020816881-2605271431-1,19018,,2605271431,,,ARV,RE1,,8000096,Stuttgart Hbf,Baden-Württemberg,Stuttgart,70173,9.183172973,48.78473069,1,,,2605271444,,,,,,,,,,,0.0,13.0
8576411999696884762-2605271406-6,19679,2605271459,2605271506,14,,ARV,RE1,Karlsruhe Hbf|Karlsruhe-Durlach|Pforzheim Hbf|Mühlacker|Vaihingen(Enz),8000096,Stuttgart Hbf,Baden-Württemberg,Stuttgart,70173,9.183172973,48.78473069,1,2605271514,,2605271516,,,,,,,,,,,15.0,10.0
3762301582140299933-2605271405-3,567,2605271445,2605271451,14,,ICE,,Karlsruhe Hbf|Bruchsal,8000096,Stuttgart Hbf,Baden-Württemberg,Stuttgart,70173,9.183172973,48.78473069,1,2605271513,,2605271518,,h,2,Information,,,,,,,28.0,27.0
6090349839205683457-2605271311-18,19472,2605271439,,13,,ARV,,Ellwangen|Schrezheim|Schwabsberg|Goldshöfe|Hofen(b Aalen)|Wasseralfingen|Aalen Hbf|Mögglingen(Gmünd)|Böbingen(Rems)|Schwäbisch Gmünd|Lorch(Württ)|Waldhausen(b Schorndorf)|Plüderhausen|Urbach(b Schorndorf)|Schorndorf|Waiblingen|Stuttgart-Bad Cannstatt,8000096,Stuttgart Hbf,Baden-Württemberg,Stuttgart,70173,9.183172973,48.78473069,1,2605271442,,,,,,,,,,,,,3.0,0.0
8807243054349664487-2605271307-12,19422,2605271409,,12,,ARV,,Aalen Hbf|Mögglingen(Gmünd)|Böbingen(Rems)|Schwäbisch Gmünd|Lorch(Württ)|Waldhausen(b Schorndorf)|Plüderhausen|Urbach(b Schorndorf)|Schorndorf|Waiblingen|Stuttgart-Bad Cannstatt,8000096,Stuttgart Hbf,Baden-Württemberg,Stuttgart,70173,9.183172973,48.78473069,1,2605271411,,,,,,,,,,,,,2.0,0.0
-7035317771144453335-2605271446-1,19421,,2605271446,,,ARV,MEX13,,8000096,Stuttgart Hbf,Baden-Württemberg,Stuttgart,70173,9.183172973,48.78473069,1,,,2605271452,,,,,,,,,,,0.0,6.0
7968101357330466259-2605271332-11,17536,2605271432,,1,,RB,,Gaildorf West|Fichtenberg|Fornsbach|Murrhardt|Sulzbach(Murr)|Oppenweiler(Württ)|Backnang|Winnenden|Waiblingen|Stuttgart-Bad Cannstatt,8000096,Stuttgart Hbf,Baden-Württemberg,Stuttgart,70173,9.183172973,48.78473069,1,2605271438,11,,,,,,,,,,,,6.0,0.0
8633251930679828811-2605271236-22,19321,2605271415,2605271423,16,,RE,MEX18,Osterburken|Adelsheim Ost|Sennfeld|Roigheim|Möckmühl|Züttlingen|Siglingen|Neudenau|Herbolzheim(Jagst)|Untergriesheim|Bad Friedrichshall Hbf|Neckarsulm|Heilbronn Sülmertor|Heilbronn Hbf|Nordheim(Württ)|Lauffen(Neckar)|Kirchheim(Neckar)|Walheim(Württ)|Besigheim|Bietigheim-Bissingen|Ludwigsburg,8000096,Stuttgart Hbf,Baden-Württemberg,Stuttgart,70173,9.183172973,48.78473069,1,2605271433,15,2605271438,15,h,2,Information,,,,,,,18.0,15.0
5532038320047824464-2605271306-4,2161,2605271358,2605271408,16,,IC,,Karlsruhe Hbf|Pforzheim Hbf|Mühlacker,8000096,Stuttgart Hbf,Baden-Württemberg,Stuttgart,70173,9.183172973,48.78473069,1,2605271401,,2605271409,,h,2,Information,,,,,,,3.0,1.0
4083739950560377043-2605271245-5,596,2605271443,2605271449,9,,ICE,,München Hbf|München-Pasing|Augsburg Hbf|Ulm Hbf,8000096,Stuttgart Hbf,Baden-Württemberg,Stuttgart,70173,9.183172973,48.78473069,1,2605271445,,2605271454,,h,3,Information,,,,,,,2.0,5.0
-7280215153355403553-2605271358-5,19386,2605271456,,13,,RE,,Tübingen Hbf|Reutlingen Hbf|Metzingen(Württ)|Nürtingen,8000096,Stuttgart Hbf,Baden-Württemberg,Stuttgart,70173,9.183172973,48.78473069,1,2605271457,,,,h,2,Information,,,,,,,1.0,0.0
6423634419829337550-2605271434-1,710,,2605271434,,,ICE,,,8000096,Stuttgart Hbf,Baden-Württemberg,Stuttgart,70173,9.183172973,48.78473069,1,,,2605271437,,h,3,Information,,,,,,,0.0,3.0
9041915551886582391-2605271235-10,19069,2605271453,,5,,ARV,,Würzburg Hbf|Lauda|Osterburken|Möckmühl|Bad Friedrichshall Hbf|Neckarsulm|Heilbronn Hbf|Bietigheim-Bissingen|Ludwigsburg,8000096,Stuttgart Hbf,Baden-Württemberg,Stuttgart,70173,9.183172973,48.78473069,1,2605271453,,,,,,,,,,,,,0.0,0.0
-4628373679111248828-2605271403-1,19147,,2605271403,,,ARV,MEX16,,8000096,Stuttgart Hbf,Baden-Württemberg,Stuttgart,70173,9.183172973,48.78473069,1,,,2605271404,,,,,,,,,,,0.0,1.0
-9124401425401212347-2605271408-1,19072,,2605271408,,,ARV,RE8,,8000096,Stuttgart Hbf,Baden-Württemberg,Stuttgart,70173,9.183172973,48.78473069,1,,,2605271409,,,,,,,,,,,0.0,1.0
-7554900795213045256-2605271320-22,19146,2605271453,,12,,ARV,,Ulm Hbf|Beimerstetten|Westerstetten|Lonsee|Urspring|Amstetten(Württ)|Geislingen(Steige)|Geislingen(Steige)West|Kuchen|Gingen(Fils)|Süßen|Salach|Eislingen(Fils)|Göppingen|Faurndau|Uhingen|Ebersbach(Fils)|Reichenbach(Fils)|Plochingen|Esslingen(Neckar)|Stuttgart-Bad Cannstatt,8000096,Stuttgart Hbf,Baden-Württemberg,Stuttgart,70173,9.183172973,48.78473069,1,2605271449,,,,,,,,,,,,,-4.0,0.0
6756447695356970455-2605271439-1,4221,,2605271439,,,RE,RE5,,8000096,Stuttgart Hbf,Baden-Württemberg,Stuttgart,70173,9.183172973,48.78473069,1,,,2605271442,,h,2,Störung,,,,,,,0.0,3.0
-5292522065650410408-2605271357-9,19227,2605271442,2605271454,15 B-C,,RE,MEX12,Heilbronn Hbf|Nordheim(Württ)|Lauffen(Neckar)|Kirchheim(Neckar)|Walheim(Württ)|Besigheim|Bietigheim-Bissingen|Ludwigsburg,8000096,Stuttgart Hbf,Baden-Württemberg,Stuttgart,70173,9.183172973,48.78473069,1,2605271509,,2605271515,,h,2,Information,,,,,,,27.0,21.0
-9052911467079737852-2605271427-1,2383,,2605271427,,,IC,,,8000096,Stuttgart Hbf,Baden-Württemberg,Stuttgart,70173,9.183172973,48.78473069,1,,,2605271432,,h,1,Information,,,,,,,0.0,5.0
63052419890451744-2605271420-1,19471,,2605271420,,,ARV,MEX13,,8000096,Stuttgart Hbf,Baden-Württemberg,Stuttgart,70173,9.183172973,48.78473069,1,,,2605271423,,,,,,,,,,,0.0,3.0
-8022228080648420109-2605271442-1,19149,,2605271442,,,ARV,MEX16,,8000096,Stuttgart Hbf,Baden-Württemberg,Stuttgart,70173,9.183172973,48.78473069,1,,,2605271447,,,,,,,,,,,0.0,5.0
1842878136572255498-2605271311-6,19678,2605271450,2605271459,10,,ARV,RE1,Crailsheim|Ellwangen|Aalen Hbf|Schwäbisch Gmünd|Schorndorf,8000096,Stuttgart Hbf,Baden-Württemberg,Stuttgart,70173,9.183172973,48.78473069,1,2605271452,,2605271501,,,,,,,,,,,2.0,2.0
1455511285002615373-2605271305-11,19232,2605271406,2605271419,9,,RE,MEX12,Tübingen Hbf|Reutlingen Hbf|Metzingen(Württ)|Bempflingen|Nürtingen|Oberboihingen|Wendlingen(Neckar)|Plochingen|Esslingen(Neckar)|Stuttgart-Bad Cannstatt,8000096,Stuttgart Hbf,Baden-Württemberg,Stuttgart,70173,9.183172973,48.78473069,1,2605271407,,2605271419,,h,2,Information,,,,,,,1.0,0.0
-3450342550725116010-2605271236-22,19144,2605271416,,14,,ARV,,Ulm Hbf|Beimerstetten|Westerstetten|Lonsee|Urspring|Amstetten(Württ)|Geislingen(Steige)|Geislingen(Steige)West|Kuchen|Gingen(Fils)|Süßen|Salach|Eislingen(Fils)|Göppingen|Faurndau|Uhingen|Ebersbach(Fils)|Reichenbach(Fils)|Plochingen|Esslingen(Neckar)|Stuttgart-Bad Cannstatt,8000096,Stuttgart Hbf,Baden-Württemberg,Stuttgart,70173,9.183172973,48.78473069,1,2605271416,,,,,,,,,,,,,0.0,0.0
741299647555358187-2605271418-1,17645,,2605271418,,,RE,RE14b,,8000096,Stuttgart Hbf,Baden-Württemberg,Stuttgart,70173,9.183172973,48.78473069,1,,,2605271421,,,,,,,,,,,0.0,3.0
-1906058467950325249-2605271418-1,17647,,2605271418,,,RE,RE14a,,8000096,Stuttgart Hbf,Baden-Württemberg,Stuttgart,70173,9.183172973,48.78473069,1,,,2605271421,,,,,,,,,,,0.0,3.0
2656037465984484316-2605271426-1,17533,,2605271426,,,RB,MEX19,,8000096,Stuttgart Hbf,Baden-Württemberg,Stuttgart,70173,9.183172973,48.78473069,1,,,2605271428,,,,,,,,,,,0.0,2.0
9097810802224673986-2605271303-10,17534,2605271402,,13,,RE,,Schwäbisch Hall-Hessental|Gaildorf West|Murrhardt|Sulzbach(Murr)|Oppenweiler(Württ)|Backnang|Winnenden|Waiblingen|Stuttgart-Bad Cannstatt,8000096,Stuttgart Hbf,Baden-Württemberg,Stuttgart,70173,9.183172973,48.78473069,1,2605271404,,,,,,,,,,,,,2.0,0.0
-1423905355620272793-2605271137-15,488,2605271443,,3,,IC,,Zürich HB|Schaffhausen|Singen(Hohentwiel)|Engen|Tuttlingen|Spaichingen|Rottweil|Oberndorf(Neckar)|Sulz(Neckar)|Horb|Bondorf(b Herrenberg)|Gäufelden|Herrenberg|Böblingen,8000096,Stuttgart Hbf,Baden-Württemberg,Stuttgart,70173,9.183172973,48.78473069,1,2605271501,,,,h,1,Information,,,,,c,,18.0,0.0
-2048577948449920744-2605271230-11,4242,2605271423,,11,,RE,,Aulendorf|Bad Schussenried|Biberach(Riß) Süd|Biberach(Riß)|Laupheim West|Ulm Hbf|Geislingen(Steige)|Göppingen|Plochingen|Esslingen(Neckar),8000096,Stuttgart Hbf,Baden-Württemberg,Stuttgart,70173,9.183172973,48.78473069,1,2605271427,12,,,h,2,Störung,,,,,,,4.0,0.0
-6693974940085691489-2605271332-7,19017,2605271427,,4,,ARV,,Karlsruhe Hbf|Karlsruhe-Durlach|Wilferdingen-Singen|Pforzheim Hbf|Mühlacker|Vaihingen(Enz),8000096,Stuttgart Hbf,Baden-Württemberg,Stuttgart,70173,9.183172973,48.78473069,1,2605271455,,,,,,,,,,,,,28.0,0.0
-1544538779323315833-2605271333-9,19320,2605271431,2605271443,8,,RE,MEX18,Tübingen Hbf|Reutlingen Hbf|Metzingen(Württ)|Nürtingen|Wendlingen(Neckar)|Plochingen|Esslingen(Neckar)|Stuttgart-Bad Cannstatt,8000096,Stuttgart Hbf,Baden-Württemberg,Stuttgart,70173,9.183172973,48.78473069,1,2605271431,10,2605271447,10,h,2,Information,,,,,,,0.0,4.0
-6154051831282444272-2605271314-14,19519,2605271409,,5,,RE,,Pforzheim Hbf|Eutingen(Baden)|Niefern|Enzberg|Mühlacker|Mühlacker Rößlesweg|Illingen(Württ)|Vaihingen(Enz)|Sersheim|Sachsenheim|Ellental|Bietigheim-Bissingen|Ludwigsburg,8000096,Stuttgart Hbf,Baden-Württemberg,Stuttgart,70173,9.183172973,48.78473069,1,2605271410,,,,h,2,Information,,,,,,,1.0,0.0
3090915631380043641-2605270808-16,962,2605271442,,2,,WB,,Wien Westbahnhof|Wien Hütteldorf|St.Pölten Hbf|Amstetten NÖ|Linz Hbf|Wels Hbf|Attnang-Puchheim|Vöcklabruck|Salzburg Hbf|Rosenheim|München Ost|München-Pasing|Augsburg Hbf|Günzburg|Ulm Hbf,8000096,Stuttgart Hbf,Baden-Württemberg,Stuttgart,70173,9.183172973,48.78473069,1,2605271442,,,,,,,,,,,,,0.0,0.0
1943236977660444610-2605271235-13,50488,2605271443,,3,,RE,,Singen(Hohentwiel)|Engen|Tuttlingen|Spaichingen|Rottweil|Oberndorf(Neckar)|Sulz(Neckar)|Horb|Bondorf(b Herrenberg)|Gäufelden|Herrenberg|Böblingen,8000096,Stuttgart Hbf,Baden-Württemberg,Stuttgart,70173,9.183172973,48.78473069,1,2605271501,,,,h,1,Information,,,,,c,,18.0,0.0
1373694884773831444-2605271452-1,9572,,2605271452,,,ICE,,,8000096,Stuttgart Hbf,Baden-Württemberg,Stuttgart,70173,9.183172973,48.78473069,1,,,2605271458,8,h,2,Information,,,,,,,0.0,6.0
-1838827148333657754-2605271220-4,916,2605271419,2605271426,10,,ICE,,München Hbf|Augsburg Hbf|Ulm Hbf,8000096,Stuttgart Hbf,Baden-Württemberg,Stuttgart,70173,9.183172973,48.78473069,1,2605271418,,2605271426,,h,1,Störung,,,,,,,-1.0,0.0
-4949587904933016928-2605271427-1,52383,,2605271427,,,RE,IC87,,8000096,Stuttgart Hbf,Baden-Württemberg,Stuttgart,70173,9.183172973,48.78473069,1,,,2605271432,,h,1,Information,,,,,,,0.0,5.0
6860077973327279202-2605271316-17,7136,2605271402,2605271402,2,,S,S1,Herrenberg|Nufringen|Gärtringen|Ehningen(b Böblingen)|Hulb|Böblingen|Goldberg(Württ)|Stuttgart-Rohr|Stuttgart-Vaihingen|Stuttgart-Österfeld|Stuttgart Universität|Stuttgart Schwabstr.|Stuttgart Feuersee|Stuttgart Stadtmitte|Stuttgart Hbf (tief)|Stuttgart-Bad Cannstatt,8006743,Stuttgart Neckarpark,Baden-Württemberg,Stuttgart,70372,9.24106855,48.79194362,4,2605271404,,2605271404,,,,,,,,,,,2.0,2.0
-1478657606619347355-2605271352-9,7739,2605271412,2605271412,1,,S,S1,Plochingen|Altbach|Esslingen-Zell|Oberesslingen|Esslingen(Neckar)|Esslingen-Mettingen|Stuttgart-Obertürkheim|Stuttgart-Untertürkheim,8006743,Stuttgart Neckarpark,Baden-Württemberg,Stuttgart,70372,9.24106855,48.79194362,4,2605271413,,2605271413,,h,1,Störung,,,,,,,1.0,1.0
6042905361873535715-2605271346-17,7138,2605271432,2605271432,2,,S,S1,Herrenberg|Nufringen|Gärtringen|Ehningen(b Böblingen)|Hulb|Böblingen|Goldberg(Württ)|Stuttgart-Rohr|Stuttgart-Vaihingen|Stuttgart-Österfeld|Stuttgart Universität|Stuttgart Schwabstr.|Stuttgart Feuersee|Stuttgart Stadtmitte|Stuttgart Hbf (tief)|Stuttgart-Bad Cannstatt,8006743,Stuttgart Neckarpark,Baden-Württemberg,Stuttgart,70372,9.24106855,48.79194362,4,2605271444,,2605271445,,h,1,Störung,,,,,,,12.0,13.0
-1448566218874371491-2605271401-17,7736,2605271447,2605271447,2,,S,S1,Herrenberg|Nufringen|Gärtringen|Ehningen(b Böblingen)|Hulb|Böblingen|Goldberg(Württ)|Stuttgart-Rohr|Stuttgart-Vaihingen|Stuttgart-Österfeld|Stuttgart Universität|Stuttgart Schwabstr.|Stuttgart Feuersee|Stuttgart Stadtmitte|Stuttgart Hbf (tief)|Stuttgart-Bad Cannstatt,8006743,Stuttgart Neckarpark,Baden-Württemberg,Stuttgart,70372,9.24106855,48.79194362,4,2605271452,,2605271452,,h,1,Störung,,,,,,,5.0,5.0
-1936486939046904827-2605271331-17,7734,2605271417,2605271417,2,,S,S1,Herrenberg|Nufringen|Gärtringen|Ehningen(b Böblingen)|Hulb|Böblingen|Goldberg(Württ)|Stuttgart-Rohr|Stuttgart-Vaihingen|Stuttgart-Österfeld|Stuttgart Universität|Stuttgart Schwabstr.|Stuttgart Feuersee|Stuttgart Stadtmitte|Stuttgart Hbf (tief)|Stuttgart-Bad Cannstatt,8006743,Stuttgart Neckarpark,Baden-Württemberg,Stuttgart,70372,9.24106855,48.79194362,4,2605271438,,2605271439,,h,1,Störung,,,,,p,p,21.0,22.0
-3722178580889207774-2605271422-9,7741,2605271442,2605271442,1,,S,S1,Plochingen|Altbach|Esslingen-Zell|Oberesslingen|Esslingen(Neckar)|Esslingen-Mettingen|Stuttgart-Obertürkheim|Stuttgart-Untertürkheim,8006743,Stuttgart Neckarpark,Baden-Württemberg,Stuttgart,70372,9.24106855,48.79194362,4,2605271443,,2605271443,,h,1,Störung,,,,,,,1.0,1.0
7236638317671658556-2605271420-13,7141,2605271457,2605271457,1,,S,S1,Kirchheim(Teck)|Kirchheim(Teck)-Ötlingen|Wendlingen(Neckar)|Wernau(Neckar)|Plochingen|Altbach|Esslingen-Zell|Oberesslingen|Esslingen(Neckar)|Esslingen-Mettingen|Stuttgart-Obertürkheim|Stuttgart-Untertürkheim,8006743,Stuttgart Neckarpark,Baden-Württemberg,Stuttgart,70372,9.24106855,48.79194362,4,2605271457,,2605271457,,h,1,Störung,,,,,,,0.0,0.0
7004552740739658779-2605271350-13,7139,2605271427,2605271427,1,,S,S1,Kirchheim(Teck)|Kirchheim(Teck)-Ötlingen|Wendlingen(Neckar)|Wernau(Neckar)|Plochingen|Altbach|Esslingen-Zell|Oberesslingen|Esslingen(Neckar)|Esslingen-Mettingen|Stuttgart-Obertürkheim|Stuttgart-Untertürkheim,8006743,Stuttgart Neckarpark,Baden-Württemberg,Stuttgart,70372,9.24106855,48.79194362,4,2605271431,,2605271431,,h,1,Störung,,,,,,,4.0,4.0
7993369286273643102-2605271340-9,28401,2605271403,2605271404,4,,S,S4,Marbach(Neckar)|Benningen(Neckar)|Freiberg(Neckar)|Favoritepark|Ludwigsburg|Kornwestheim Pbf|Stuttgart-Zuffenhausen|Stuttgart-Feuerbach,8005767,Stuttgart Nord,Baden-Württemberg,Stuttgard-Nord,70174,9.188061449,48.80374161,5,2605271403,,2605271406,,h,1,Störung,,,,,,,0.0,2.0
-8228587515374315120-2605271352-5,7536,2605271401,2605271401,3,,S,S5,Stuttgart Schwabstr.|Stuttgart Feuersee|Stuttgart Stadtmitte|Stuttgart Hbf (tief),8005767,Stuttgart Nord,Baden-Württemberg,Stuttgard-Nord,70174,9.188061449,48.80374161,5,2605271402,,2605271403,,,,,,,,,,,1.0,2.0
-4819270473812152373-2605271417-5,28406,2605271426,2605271426,3,,S,S4,Stuttgart Schwabstr.|Stuttgart Feuersee|Stuttgart Stadtmitte|Stuttgart Hbf (tief),8005767,Stuttgart Nord,Baden-Württemberg,Stuttgard-Nord,70174,9.188061449,48.80374161,5,2605271439,,2605271440,,h,1,Störung,,,,,,,13.0,14.0
7922855139158603560-2605271407-8,7539,2605271428,2605271429,4,,S,S5,Bietigheim-Bissingen|Tamm(Württ)|Asperg|Ludwigsburg|Kornwestheim Pbf|Stuttgart-Zuffenhausen|Stuttgart-Feuerbach,8005767,Stuttgart Nord,Baden-Württemberg,Stuttgard-Nord,70174,9.188061449,48.80374161,5,2605271431,,2605271432,,h,1,Störung,,,,,,,3.0,3.0
-2716364704866871625-2605271410-9,28403,2605271433,2605271434,4,,S,S4,Marbach(Neckar)|Benningen(Neckar)|Freiberg(Neckar)|Favoritepark|Ludwigsburg|Kornwestheim Pbf|Stuttgart-Zuffenhausen|Stuttgart-Feuerbach,8005767,Stuttgart Nord,Baden-Württemberg,Stuttgard-Nord,70174,9.188061449,48.80374161,5,2605271435,,2605271436,,h,1,Störung,,,,,,,2.0,2.0
-6549272114727686147-2605271403-13,7439,2605271448,2605271449,4,,S,S4,Backnang|Burgstall(Murr)|Kirchberg(Murr)|Erdmannhausen|Marbach(Neckar)|Benningen(Neckar)|Freiberg(Neckar)|Favoritepark|Ludwigsburg|Kornwestheim Pbf|Stuttgart-Zuffenhausen|Stuttgart-Feuerbach,8005767,Stuttgart Nord,Baden-Württemberg,Stuttgard-Nord,70174,9.188061449,48.80374161,5,2605271505,,2605271506,,h,1,Störung,,,,,,,17.0,17.0
-5316665284018315725-2605271412-5,7636,2605271421,2605271421,3,,S,S6,Stuttgart Schwabstr.|Stuttgart Feuersee|Stuttgart Stadtmitte|Stuttgart Hbf (tief),8005767,Stuttgart Nord,Baden-Württemberg,Stuttgard-Nord,70174,9.188061449,48.80374161,5,2605271422,,2605271423,,h,1,Störung,,,,,,,1.0,2.0
6483046306664196939-2605271437-5,28474,2605271446,2605271446,3,,S,S5,Stuttgart Schwabstr.|Stuttgart Feuersee|Stuttgart Stadtmitte|Stuttgart Hbf (tief),8005767,Stuttgart Nord,Baden-Württemberg,Stuttgard-Nord,70174,9.188061449,48.80374161,5,2605271446,,2605271446,,h,1,Störung,,,,,c,c,0.0,0.0
-6501025132250133137-2605271432-5,7436,2605271441,2605271441,3,,S,S4,Stuttgart Schwabstr.|Stuttgart Feuersee|Stuttgart Stadtmitte|Stuttgart Hbf (tief),8005767,Stuttgart Nord,Baden-Württemberg,Stuttgard-Nord,70174,9.188061449,48.80374161,5,2605271441,,2605271442,,h,1,Störung,,,,,c,c,0.0,1.0
-2744660321086161380-2605271422-8,28475,2605271443,2605271444,4,,S,S5,Bietigheim-Bissingen|Tamm(Württ)|Asperg|Ludwigsburg|Kornwestheim Pbf|Stuttgart-Zuffenhausen|Stuttgart-Feuerbach,8005767,Stuttgart Nord,Baden-Württemberg,Stuttgard-Nord,70174,9.188061449,48.80374161,5,2605271446,,2605271446,,h,1,Störung,,,,,,,3.0,2.0
-6618548157105238962-2605271333-13,7637,2605271408,2605271409,4,,S,S6,Weil der Stadt|Malmsheim|Renningen|Rutesheim|Leonberg|Höfingen|Ditzingen|Weilimdorf|Korntal|Neuwirtshaus(Porscheplatz)|Stuttgart-Zuffenhausen|Stuttgart-Feuerbach,8005767,Stuttgart Nord,Baden-Württemberg,Stuttgard-Nord,70174,9.188061449,48.80374161,5,2605271408,,2605271409,,h,1,Störung,,,,,c,c,0.0,0.0
1310498941862652561-2605271402-5,7434,2605271411,2605271411,3,,S,S4,Stuttgart Schwabstr.|Stuttgart Feuersee|Stuttgart Stadtmitte|Stuttgart Hbf (tief),8005767,Stuttgart Nord,Baden-Württemberg,Stuttgard-Nord,70174,9.188061449,48.80374161,5,2605271413,,2605271413,,h,1,Störung,,,,,,,2.0,2.0
3829718457082671082-2605271437-8,7541,2605271458,2605271459,4,,S,S5,Bietigheim-Bissingen|Tamm(Württ)|Asperg|Ludwigsburg|Kornwestheim Pbf|Stuttgart-Zuffenhausen|Stuttgart-Feuerbach,8005767,Stuttgart Nord,Baden-Württemberg,Stuttgard-Nord,70174,9.188061449,48.80374161,5,2605271500,,2605271500,,h,1,Störung,,,,,,,2.0,1.0
-5265875940213227637-2605271352-8,28473,2605271413,2605271414,4,,S,S5,Bietigheim-Bissingen|Tamm(Württ)|Asperg|Ludwigsburg|Kornwestheim Pbf|Stuttgart-Zuffenhausen|Stuttgart-Feuerbach,8005767,Stuttgart Nord,Baden-Württemberg,Stuttgard-Nord,70174,9.188061449,48.80374161,5,2605271415,,2605271415,,h,1,Störung,,,,,c,c,2.0,1.0
3618335699656372385-2605271333-13,7437,2605271418,2605271419,4,,S,S4,Backnang|Burgstall(Murr)|Kirchberg(Murr)|Erdmannhausen|Marbach(Neckar)|Benningen(Neckar)|Freiberg(Neckar)|Favoritepark|Ludwigsburg|Kornwestheim Pbf|Stuttgart-Zuffenhausen|Stuttgart-Feuerbach,8005767,Stuttgart Nord,Baden-Württemberg,Stuttgard-Nord,70174,9.188061449,48.80374161,5,2605271421,,2605271422,,h,1,Störung,,,,,c,c,3.0,3.0
-5854173668816466816-2605271447-5,28408,2605271456,2605271456,3,,S,S4,Stuttgart Schwabstr.|Stuttgart Feuersee|Stuttgart Stadtmitte|Stuttgart Hbf (tief),8005767,Stuttgart Nord,Baden-Württemberg,Stuttgard-Nord,70174,9.188061449,48.80374161,5,2605271457,,2605271458,,h,1,Störung,,,,,,,1.0,2.0
-2645153808296859604-2605271403-13,7639,2605271438,2605271439,4,,S,S6,Weil der Stadt|Malmsheim|Renningen|Rutesheim|Leonberg|Höfingen|Ditzingen|Weilimdorf|Korntal|Neuwirtshaus(Porscheplatz)|Stuttgart-Zuffenhausen|Stuttgart-Feuerbach,8005767,Stuttgart Nord,Baden-Württemberg,Stuttgard-Nord,70174,9.188061449,48.80374161,5,2605271446,,2605271446,,h,1,Störung,,,,,c,c,8.0,7.0
5479979498154291155-2605271422-5,7538,2605271431,2605271431,3,,S,S5,Stuttgart Schwabstr.|Stuttgart Feuersee|Stuttgart Stadtmitte|Stuttgart Hbf (tief),8005767,Stuttgart Nord,Baden-Württemberg,Stuttgard-Nord,70174,9.188061449,48.80374161,5,2605271432,,2605271433,,h,1,Störung,,,,,,,1.0,2.0
-5544791981213765004-2605271442-5,7638,2605271451,2605271451,3,,S,S6,Stuttgart Schwabstr.|Stuttgart Feuersee|Stuttgart Stadtmitte|Stuttgart Hbf (tief),8005767,Stuttgart Nord,Baden-Württemberg,Stuttgard-Nord,70174,9.188061449,48.80374161,5,,,,,h,1,Störung,,,,,c,c,0.0,0.0
5825878238612075562-2605271407-5,28472,2605271416,2605271416,3,,S,S5,Stuttgart Schwabstr.|Stuttgart Feuersee|Stuttgart Stadtmitte|Stuttgart Hbf (tief),8005767,Stuttgart Nord,Baden-Württemberg,Stuttgard-Nord,70174,9.188061449,48.80374161,5,2605271416,,2605271416,,h,1,Störung,,,,,,,0.0,0.0
-973893879459034223-2605271418-15,7838,2605271457,2605271457,4,,S,S2,Filderstadt|Stuttgart Flughafen/Messe|Echterdingen|Leinfelden|Oberaichen|Stuttgart-Rohr|Stuttgart-Vaihingen|Stuttgart-Österfeld|Stuttgart Universität|Stuttgart Schwabstr.|Stuttgart Feuersee|Stuttgart Stadtmitte|Stuttgart Hbf (tief)|Stuttgart-Bad Cannstatt,8004357,Stuttgart Nürnberger Straße,Baden-Württemberg,Stuttgart,70374,9.234576905,48.80656062,5,2605271459,,2605271459,,h,1,Störung,,,,,,,2.0,2.0
6554930112927852478-2605271411-10,7339,2605271437,2605271438,1,,S,S3,Backnang|Maubach|Nellmersbach|Winnenden|Schwaikheim|Neustadt-Hohenacker|Waiblingen|Fellbach|Stuttgart-Sommerrain,8004357,Stuttgart Nürnberger Straße,Baden-Württemberg,Stuttgart,70374,9.234576905,48.80656062,5,2605271444,,2605271444,,h,1,Störung,,,,,,,7.0,6.0
-5065266161330824658-2605271348-15,7836,2605271427,2605271427,4,,S,S2,Filderstadt|Stuttgart Flughafen/Messe|Echterdingen|Leinfelden|Oberaichen|Stuttgart-Rohr|Stuttgart-Vaihingen|Stuttgart-Österfeld|Stuttgart Universität|Stuttgart Schwabstr.|Stuttgart Feuersee|Stuttgart Stadtmitte|Stuttgart Hbf (tief)|Stuttgart-Bad Cannstatt,8004357,Stuttgart Nürnberger Straße,Baden-Württemberg,Stuttgart,70374,9.234576905,48.80656062,5,2605271428,,2605271428,,h,1,Störung,,,,,,,1.0,1.0
-955797221433152779-2605271333-15,7234,2605271412,2605271412,4,,S,S2,Filderstadt|Stuttgart Flughafen/Messe|Echterdingen|Leinfelden|Oberaichen|Stuttgart-Rohr|Stuttgart-Vaihingen|Stuttgart-Österfeld|Stuttgart Universität|Stuttgart Schwabstr.|Stuttgart Feuersee|Stuttgart Stadtmitte|Stuttgart Hbf (tief)|Stuttgart-Bad Cannstatt,8004357,Stuttgart Nürnberger Straße,Baden-Württemberg,Stuttgart,70374,9.234576905,48.80656062,5,2605271414,,2605271414,,h,1,Störung,,,,,,,2.0,2.0
-4213544138721587197-2605271345-9,28332,2605271407,2605271407,4,,S,S3,Stuttgart-Vaihingen|Stuttgart-Österfeld|Stuttgart Universität|Stuttgart Schwabstr.|Stuttgart Feuersee|Stuttgart Stadtmitte|Stuttgart Hbf (tief)|Stuttgart-Bad Cannstatt,8004357,Stuttgart Nürnberger Straße,Baden-Württemberg,Stuttgart,70374,9.234576905,48.80656062,5,2605271407,,2605271408,,,,,,,,,,,0.0,1.0
-1157059812177875045-2605271356-10,28333,2605271422,2605271423,1,,S,S3,Backnang|Maubach|Nellmersbach|Winnenden|Schwaikheim|Neustadt-Hohenacker|Waiblingen|Fellbach|Stuttgart-Sommerrain,8004357,Stuttgart Nürnberger Straße,Baden-Württemberg,Stuttgart,70374,9.234576905,48.80656062,5,2605271436,,2605271436,,h,1,Störung,,,,,,,14.0,13.0
-5955272615429035569-2605271418-13,7241,2605271447,2605271448,1,,S,S2,Schorndorf|Weiler(Rems)|Winterbach(b Schorndorf)|Geradstetten|Grunbach|Beutelsbach|Endersbach|Stetten-Beinstein|Rommelshausen|Waiblingen|Fellbach|Stuttgart-Sommerrain,8004357,Stuttgart Nürnberger Straße,Baden-Württemberg,Stuttgart,70374,9.234576905,48.80656062,5,2605271448,,2605271449,,h,1,Störung,,,,,,,1.0,1.0
-8059892926335795903-2605271348-13,7239,2605271417,2605271418,1,,S,S2,Schorndorf|Weiler(Rems)|Winterbach(b Schorndorf)|Geradstetten|Grunbach|Beutelsbach|Endersbach|Stetten-Beinstein|Rommelshausen|Waiblingen|Fellbach|Stuttgart-Sommerrain,8004357,Stuttgart Nürnberger Straße,Baden-Württemberg,Stuttgart,70374,9.234576905,48.80656062,5,2605271432,,2605271432,,h,1,Störung,,,,,,,15.0,14.0
959092593719343738-2605271426-10,28335,2605271452,2605271453,1,,S,S3,Backnang|Maubach|Nellmersbach|Winnenden|Schwaikheim|Neustadt-Hohenacker|Waiblingen|Fellbach|Stuttgart-Sommerrain,8004357,Stuttgart Nürnberger Straße,Baden-Württemberg,Stuttgart,70374,9.234576905,48.80656062,5,2605271453,,2605271456,,h,1,Störung,,,,,,,1.0,3.0
4534703989086356326-2605271341-10,7337,2605271407,2605271408,1,,S,S3,Backnang|Maubach|Nellmersbach|Winnenden|Schwaikheim|Neustadt-Hohenacker|Waiblingen|Fellbach|Stuttgart-Sommerrain,8004357,Stuttgart Nürnberger Straße,Baden-Württemberg,Stuttgart,70374,9.234576905,48.80656062,5,2605271425,,2605271428,,h,1,Störung,,,,,,,18.0,20.0
-5789469067235984637-2605271430-9,7338,2605271452,2605271452,4,,S,S3,Stuttgart-Vaihingen|Stuttgart-Österfeld|Stuttgart Universität|Stuttgart Schwabstr.|Stuttgart Feuersee|Stuttgart Stadtmitte|Stuttgart Hbf (tief)|Stuttgart-Bad Cannstatt,8004357,Stuttgart Nürnberger Straße,Baden-Württemberg,Stuttgart,70374,9.234576905,48.80656062,5,2605271455,,2605271455,,h,1,Störung,,,,,,,3.0,3.0
988265121258628834-2605271403-13,7835,2605271432,2605271433,1,,S,S2,Schorndorf|Weiler(Rems)|Winterbach(b Schorndorf)|Geradstetten|Grunbach|Beutelsbach|Endersbach|Stetten-Beinstein|Rommelshausen|Waiblingen|Fellbach|Stuttgart-Sommerrain,8004357,Stuttgart Nürnberger Straße,Baden-Württemberg,Stuttgart,70374,9.234576905,48.80656062,5,2605271440,,2605271440,,h,1,Störung,,,,,,,8.0,7.0
3573720910347828828-2605271415-9,28334,2605271437,2605271437,4,,S,S3,Stuttgart-Vaihingen|Stuttgart-Österfeld|Stuttgart Universität|Stuttgart Schwabstr.|Stuttgart Feuersee|Stuttgart Stadtmitte|Stuttgart Hbf (tief)|Stuttgart-Bad Cannstatt,8004357,Stuttgart Nürnberger Straße,Baden-Württemberg,Stuttgart,70374,9.234576905,48.80656062,5,2605271441,,2605271442,,h,1,Störung,,,,,,,4.0,5.0
-7476481686954670934-2605271403-15,7236,2605271442,2605271442,4,,S,S2,Filderstadt|Stuttgart Flughafen/Messe|Echterdingen|Leinfelden|Oberaichen|Stuttgart-Rohr|Stuttgart-Vaihingen|Stuttgart-Österfeld|Stuttgart Universität|Stuttgart Schwabstr.|Stuttgart Feuersee|Stuttgart Stadtmitte|Stuttgart Hbf (tief)|Stuttgart-Bad Cannstatt,8004357,Stuttgart Nürnberger Straße,Baden-Württemberg,Stuttgart,70374,9.234576905,48.80656062,5,2605271448,,2605271448,,h,1,Störung,,,,,,,6.0,6.0
5781587679873257611-2605271333-13,7833,2605271402,2605271403,1,,S,S2,Schorndorf|Weiler(Rems)|Winterbach(b Schorndorf)|Geradstetten|Grunbach|Beutelsbach|Endersbach|Stetten-Beinstein|Rommelshausen|Waiblingen|Fellbach|Stuttgart-Sommerrain,8004357,Stuttgart Nürnberger Straße,Baden-Württemberg,Stuttgart,70374,9.234576905,48.80656062,5,2605271402,,2605271422,,h,1,Störung,,,,,,,0.0,19.0
-41822505101306185-2605271400-9,7336,2605271422,2605271422,4,,S,S3,Stuttgart-Vaihingen|Stuttgart-Österfeld|Stuttgart Universität|Stuttgart Schwabstr.|Stuttgart Feuersee|Stuttgart Stadtmitte|Stuttgart Hbf (tief)|Stuttgart-Bad Cannstatt,8004357,Stuttgart Nürnberger Straße,Baden-Württemberg,Stuttgart,70374,9.234576905,48.80656062,5,2605271423,,2605271424,,h,1,Störung,,,,,,,1.0,2.0
-973893879459034223-2605271418-8,7838,2605271437,2605271437,2,,S,S2,Filderstadt|Stuttgart Flughafen/Messe|Echterdingen|Leinfelden|Oberaichen|Stuttgart-Rohr|Stuttgart-Vaihingen,8005779,Stuttgart Österfeld,Baden-Württemberg,Stuttgart,70563,9.116751457,48.73749946,4,2605271439,,2605271439,,h,1,Störung,,,,,,,2.0,2.0
6554930112927852478-2605271411-17,7339,2605271457,2605271457,1,,S,S3,Backnang|Maubach|Nellmersbach|Winnenden|Schwaikheim|Neustadt-Hohenacker|Waiblingen|Fellbach|Stuttgart-Sommerrain|Stuttgart Nürnberger Str.|Stuttgart-Bad Cannstatt|Stuttgart Hbf (tief)|Stuttgart Stadtmitte|Stuttgart Feuersee|Stuttgart Schwabstr.|Stuttgart Universität,8005779,Stuttgart Österfeld,Baden-Württemberg,Stuttgart,70563,9.116751457,48.73749946,4,2605271515,,2605271516,,h,1,Störung,,,,,,,18.0,19.0
-5065266161330824658-2605271348-8,7836,2605271407,2605271407,2,,S,S2,Filderstadt|Stuttgart Flughafen/Messe|Echterdingen|Leinfelden|Oberaichen|Stuttgart-Rohr|Stuttgart-Vaihingen,8005779,Stuttgart Österfeld,Baden-Württemberg,Stuttgart,70563,9.116751457,48.73749946,4,2605271407,,2605271407,,h,1,Störung,,,,,,,0.0,0.0
-1157059812177875045-2605271356-17,28333,2605271442,2605271442,1,,S,S3,Backnang|Maubach|Nellmersbach|Winnenden|Schwaikheim|Neustadt-Hohenacker|Waiblingen|Fellbach|Stuttgart-Sommerrain|Stuttgart Nürnberger Str.|Stuttgart-Bad Cannstatt|Stuttgart Hbf (tief)|Stuttgart Stadtmitte|Stuttgart Feuersee|Stuttgart Schwabstr.|Stuttgart Universität,8005779,Stuttgart Österfeld,Baden-Württemberg,Stuttgart,70563,9.116751457,48.73749946,4,2605271506,,2605271508,,h,1,Störung,,,,,,,24.0,26.0
1483937347162480380-2605271431-10,7738,2605271457,2605271457,2,,S,S1,Herrenberg|Nufringen|Gärtringen|Ehningen(b Böblingen)|Hulb|Böblingen|Goldberg(Württ)|Stuttgart-Rohr|Stuttgart-Vaihingen,8005779,Stuttgart Österfeld,Baden-Württemberg,Stuttgart,70563,9.116751457,48.73749946,4,2605271458,,2605271459,,h,1,Störung,,,,,,,1.0,2.0
-1478657606619347355-2605271352-16,7739,2605271432,2605271432,1,,S,S1,Plochingen|Altbach|Esslingen-Zell|Oberesslingen|Esslingen(Neckar)|Esslingen-Mettingen|Stuttgart-Obertürkheim|Stuttgart-Untertürkheim|Stuttgart Neckarpark|Stuttgart-Bad Cannstatt|Stuttgart Hbf (tief)|Stuttgart Stadtmitte|Stuttgart Feuersee|Stuttgart Schwabstr.|Stuttgart Universität,8005779,Stuttgart Österfeld,Baden-Württemberg,Stuttgart,70563,9.116751457,48.73749946,4,2605271445,,2605271446,,h,1,Störung,,,,,,,13.0,14.0
6042905361873535715-2605271346-10,7138,2605271412,2605271412,2,,S,S1,Herrenberg|Nufringen|Gärtringen|Ehningen(b Böblingen)|Hulb|Böblingen|Goldberg(Württ)|Stuttgart-Rohr|Stuttgart-Vaihingen,8005779,Stuttgart Österfeld,Baden-Württemberg,Stuttgart,70563,9.116751457,48.73749946,4,2605271423,,2605271423,,h,1,Störung,,,,,,,11.0,11.0
-8059892926335795903-2605271348-20,7239,2605271437,2605271437,1,,S,S2,Schorndorf|Weiler(Rems)|Winterbach(b Schorndorf)|Geradstetten|Grunbach|Beutelsbach|Endersbach|Stetten-Beinstein|Rommelshausen|Waiblingen|Fellbach|Stuttgart-Sommerrain|Stuttgart Nürnberger Str.|Stuttgart-Bad Cannstatt|Stuttgart Hbf (tief)|Stuttgart Stadtmitte|Stuttgart Feuersee|Stuttgart Schwabstr.|Stuttgart Universität,8005779,Stuttgart Österfeld,Baden-Württemberg,Stuttgart,70563,9.116751457,48.73749946,4,2605271501,,2605271503,,h,1,Störung,,,,,,,24.0,26.0
6223730688488220237-2605271318-20,7237,2605271407,2605271407,1,,S,S2,Schorndorf|Weiler(Rems)|Winterbach(b Schorndorf)|Geradstetten|Grunbach|Beutelsbach|Endersbach|Stetten-Beinstein|Rommelshausen|Waiblingen|Fellbach|Stuttgart-Sommerrain|Stuttgart Nürnberger Str.|Stuttgart-Bad Cannstatt|Stuttgart Hbf (tief)|Stuttgart Stadtmitte|Stuttgart Feuersee|Stuttgart Schwabstr.|Stuttgart Universität,8005779,Stuttgart Österfeld,Baden-Württemberg,Stuttgart,70563,9.116751457,48.73749946,4,2605271436,,2605271437,,h,1,Störung,,,Schorndorf|Weiler(Rems)|Winterbach(b Schorndorf)|Geradstetten|Grunbach|Beutelsbach|Endersbach|Stetten-Beinstein|Rommelshausen|Waiblingen|Fellbach|Stuttgart-Sommerrain|Stuttgart Nürnberger Str.|Stuttgart-Bad Cannstatt|Stuttgart Hbf (tief)|Stuttgart Stadtmitte|Stuttgart Feuersee|Stuttgart Schwabstr.|Stuttgart Universität,Stuttgart-Vaihingen|Stuttgart-Rohr|Oberaichen|Leinfelden|Echterdingen|Stuttgart Flughafen/Messe|Filderstadt,c,c,29.0,30.0
5941834571298649161-2605271320-20,7137,2605271417,2605271417,1,,S,S1,Kirchheim(Teck)|Kirchheim(Teck)-Ötlingen|Wendlingen(Neckar)|Wernau(Neckar)|Plochingen|Altbach|Esslingen-Zell|Oberesslingen|Esslingen(Neckar)|Esslingen-Mettingen|Stuttgart-Obertürkheim|Stuttgart-Untertürkheim|Stuttgart Neckarpark|Stuttgart-Bad Cannstatt|Stuttgart Hbf (tief)|Stuttgart Stadtmitte|Stuttgart Feuersee|Stuttgart Schwabstr.|Stuttgart Universität,8005779,Stuttgart Österfeld,Baden-Württemberg,Stuttgart,70563,9.116751457,48.73749946,4,2605271436,,2605271437,,h,1,Störung,,,,,c,c,19.0,20.0
4534703989086356326-2605271341-17,7337,2605271427,2605271427,1,,S,S3,Backnang|Maubach|Nellmersbach|Winnenden|Schwaikheim|Neustadt-Hohenacker|Waiblingen|Fellbach|Stuttgart-Sommerrain|Stuttgart Nürnberger Str.|Stuttgart-Bad Cannstatt|Stuttgart Hbf (tief)|Stuttgart Stadtmitte|Stuttgart Feuersee|Stuttgart Schwabstr.|Stuttgart Universität,8005779,Stuttgart Österfeld,Baden-Württemberg,Stuttgart,70563,9.116751457,48.73749946,4,2605271450,,2605271451,,h,1,Störung,,,,,,,23.0,24.0
-5789469067235984637-2605271430-2,7338,2605271432,2605271432,2,,S,S3,Stuttgart-Vaihingen,8005779,Stuttgart Österfeld,Baden-Württemberg,Stuttgart,70563,9.116751457,48.73749946,4,2605271435,,2605271436,,h,1,Störung,,,,,,,3.0,4.0
7622464283457575985-2605271445-2,28336,2605271447,2605271447,2,,S,S3,Stuttgart-Vaihingen,8005779,Stuttgart Österfeld,Baden-Württemberg,Stuttgart,70563,9.116751457,48.73749946,4,2605271447,,2605271448,,h,1,Störung,,,,,,,0.0,1.0
4368264823792479342-2605271416-10,7140,2605271442,2605271442,2,,S,S1,Herrenberg|Nufringen|Gärtringen|Ehningen(b Böblingen)|Hulb|Böblingen|Goldberg(Württ)|Stuttgart-Rohr|Stuttgart-Vaihingen,8005779,Stuttgart Österfeld,Baden-Württemberg,Stuttgart,70563,9.116751457,48.73749946,4,2605271444,,2605271444,,h,1,Störung,,,,,,,2.0,2.0
988265121258628834-2605271403-20,7835,2605271452,2605271452,1,,S,S2,Schorndorf|Weiler(Rems)|Winterbach(b Schorndorf)|Geradstetten|Grunbach|Beutelsbach|Endersbach|Stetten-Beinstein|Rommelshausen|Waiblingen|Fellbach|Stuttgart-Sommerrain|Stuttgart Nürnberger Str.|Stuttgart-Bad Cannstatt|Stuttgart Hbf (tief)|Stuttgart Stadtmitte|Stuttgart Feuersee|Stuttgart Schwabstr.|Stuttgart Universität,8005779,Stuttgart Österfeld,Baden-Württemberg,Stuttgart,70563,9.116751457,48.73749946,4,2605271511,,2605271511,,h,1,Störung,,,,,,,19.0,19.0
-3527222447454651750-2605271326-17,28331,2605271412,2605271412,1,,S,S3,Backnang|Maubach|Nellmersbach|Winnenden|Schwaikheim|Neustadt-Hohenacker|Waiblingen|Fellbach|Stuttgart-Sommerrain|Stuttgart Nürnberger Str.|Stuttgart-Bad Cannstatt|Stuttgart Hbf (tief)|Stuttgart Stadtmitte|Stuttgart Feuersee|Stuttgart Schwabstr.|Stuttgart Universität,8005779,Stuttgart Österfeld,Baden-Württemberg,Stuttgart,70563,9.116751457,48.73749946,4,2605271430,,2605271430,,h,1,Störung,,,,,,,18.0,18.0
3573720910347828828-2605271415-2,28334,2605271417,2605271417,2,,S,S3,Stuttgart-Vaihingen,8005779,Stuttgart Österfeld,Baden-Württemberg,Stuttgart,70563,9.116751457,48.73749946,4,2605271419,,2605271420,,h,1,Störung,,,,,,,2.0,3.0
-7476481686954670934-2605271403-8,7236,2605271422,2605271422,2,,S,S2,Filderstadt|Stuttgart Flughafen/Messe|Echterdingen|Leinfelden|Oberaichen|Stuttgart-Rohr|Stuttgart-Vaihingen,8005779,Stuttgart Österfeld,Baden-Württemberg,Stuttgart,70563,9.116751457,48.73749946,4,2605271427,,2605271427,,h,1,Störung,,,,,,,5.0,5.0
6975060148484130926-2605271322-16,7737,2605271402,2605271402,1,,S,S1,Plochingen|Altbach|Esslingen-Zell|Oberesslingen|Esslingen(Neckar)|Esslingen-Mettingen|Stuttgart-Obertürkheim|Stuttgart-Untertürkheim|Stuttgart Neckarpark|Stuttgart-Bad Cannstatt|Stuttgart Hbf (tief)|Stuttgart Stadtmitte|Stuttgart Feuersee|Stuttgart Schwabstr.|Stuttgart Universität,8005779,Stuttgart Österfeld,Baden-Württemberg,Stuttgart,70563,9.116751457,48.73749946,4,2605271403,,2605271403,,h,1,Störung,,,,,,,1.0,1.0
-1448566218874371491-2605271401-10,7736,2605271427,2605271427,2,,S,S1,Herrenberg|Nufringen|Gärtringen|Ehningen(b Böblingen)|Hulb|Böblingen|Goldberg(Württ)|Stuttgart-Rohr|Stuttgart-Vaihingen,8005779,Stuttgart Österfeld,Baden-Württemberg,Stuttgart,70563,9.116751457,48.73749946,4,2605271431,,2605271432,,h,1,Störung,,,,,,,4.0,5.0
5781587679873257611-2605271333-20,7833,2605271422,2605271422,1,,S,S2,Schorndorf|Weiler(Rems)|Winterbach(b Schorndorf)|Geradstetten|Grunbach|Beutelsbach|Endersbach|Stetten-Beinstein|Rommelshausen|Waiblingen|Fellbach|Stuttgart-Sommerrain|Stuttgart Nürnberger Str.|Stuttgart-Bad Cannstatt|Stuttgart Hbf (tief)|Stuttgart Stadtmitte|Stuttgart Feuersee|Stuttgart Schwabstr.|Stuttgart Universität,8005779,Stuttgart Österfeld,Baden-Württemberg,Stuttgart,70563,9.116751457,48.73749946,4,2605271451,,2605271452,,h,1,Störung,,,Schorndorf|Weiler(Rems)|Winterbach(b Schorndorf)|Geradstetten|Grunbach|Beutelsbach|Endersbach|Stetten-Beinstein|Rommelshausen|Waiblingen|Fellbach|Stuttgart-Sommerrain|Stuttgart Nürnberger Str.|Stuttgart-Bad Cannstatt|Stuttgart Hbf (tief)|Stuttgart Stadtmitte|Stuttgart Feuersee|Stuttgart Schwabstr.|Stuttgart Universität,Stuttgart-Vaihingen|Stuttgart-Rohr|Oberaichen|Leinfelden|Echterdingen|Stuttgart Flughafen/Messe|Filderstadt,c,c,29.0,30.0
-6660169013356802205-2605271433-8,7238,2605271452,2605271452,2,,S,S2,Filderstadt|Stuttgart Flughafen/Messe|Echterdingen|Leinfelden|Oberaichen|Stuttgart-Rohr|Stuttgart-Vaihingen,8005779,Stuttgart Österfeld,Baden-Württemberg,Stuttgart,70563,9.116751457,48.73749946,4,2605271452,,2605271453,,h,1,Störung,,,,,,,0.0,1.0
7004552740739658779-2605271350-20,7139,2605271447,2605271447,1,,S,S1,Kirchheim(Teck)|Kirchheim(Teck)-Ötlingen|Wendlingen(Neckar)|Wernau(Neckar)|Plochingen|Altbach|Esslingen-Zell|Oberesslingen|Esslingen(Neckar)|Esslingen-Mettingen|Stuttgart-Obertürkheim|Stuttgart-Untertürkheim|Stuttgart Neckarpark|Stuttgart-Bad Cannstatt|Stuttgart Hbf (tief)|Stuttgart Stadtmitte|Stuttgart Feuersee|Stuttgart Schwabstr.|Stuttgart Universität,8005779,Stuttgart Österfeld,Baden-Württemberg,Stuttgart,70563,9.116751457,48.73749946,4,2605271455,,2605271458,,h,1,Störung,,,,,,,8.0,11.0
-41822505101306185-2605271400-2,7336,2605271402,2605271402,2,,S,S3,Stuttgart-Vaihingen,8005779,Stuttgart Österfeld,Baden-Württemberg,Stuttgart,70563,9.116751457,48.73749946,4,2605271402,,2605271402,,h,1,Störung,,,,,,,0.0,0.0
-973893879459034223-2605271418-9,7838,2605271439,2605271439,2,,S,S2,Filderstadt|Stuttgart Flughafen/Messe|Echterdingen|Leinfelden|Oberaichen|Stuttgart-Rohr|Stuttgart-Vaihingen|Stuttgart-Österfeld,8006513,Stuttgart Universität,Baden-Württemberg,Stuttgart,70569,9.105864214,48.74511762,4,2605271440,,2605271441,,h,1,Störung,,,,,,,1.0,2.0
6554930112927852478-2605271411-16,7339,2605271455,2605271455,1,,S,S3,Backnang|Maubach|Nellmersbach|Winnenden|Schwaikheim|Neustadt-Hohenacker|Waiblingen|Fellbach|Stuttgart-Sommerrain|Stuttgart Nürnberger Str.|Stuttgart-Bad Cannstatt|Stuttgart Hbf (tief)|Stuttgart Stadtmitte|Stuttgart Feuersee|Stuttgart Schwabstr.,8006513,Stuttgart Universität,Baden-Württemberg,Stuttgart,70569,9.105864214,48.74511762,4,2605271513,,2605271514,,h,1,Störung,,,,,,,18.0,19.0
-5065266161330824658-2605271348-9,7836,2605271409,2605271409,2,,S,S2,Filderstadt|Stuttgart Flughafen/Messe|Echterdingen|Leinfelden|Oberaichen|Stuttgart-Rohr|Stuttgart-Vaihingen|Stuttgart-Österfeld,8006513,Stuttgart Universität,Baden-Württemberg,Stuttgart,70569,9.105864214,48.74511762,4,2605271409,,2605271409,,h,1,Störung,,,,,,,0.0,0.0
-1157059812177875045-2605271356-16,28333,2605271440,2605271440,1,,S,S3,Backnang|Maubach|Nellmersbach|Winnenden|Schwaikheim|Neustadt-Hohenacker|Waiblingen|Fellbach|Stuttgart-Sommerrain|Stuttgart Nürnberger Str.|Stuttgart-Bad Cannstatt|Stuttgart Hbf (tief)|Stuttgart Stadtmitte|Stuttgart Feuersee|Stuttgart Schwabstr.,8006513,Stuttgart Universität,Baden-Württemberg,Stuttgart,70569,9.105864214,48.74511762,4,2605271502,,2605271504,,h,1,Störung,,,,,,,22.0,24.0
1483937347162480380-2605271431-11,7738,2605271459,2605271459,2,,S,S1,Herrenberg|Nufringen|Gärtringen|Ehningen(b Böblingen)|Hulb|Böblingen|Goldberg(Württ)|Stuttgart-Rohr|Stuttgart-Vaihingen|Stuttgart-Österfeld,8006513,Stuttgart Universität,Baden-Württemberg,Stuttgart,70569,9.105864214,48.74511762,4,2605271500,,2605271501,,h,1,Störung,,,,,,,1.0,2.0
-1478657606619347355-2605271352-15,7739,2605271430,2605271430,1,,S,S1,Plochingen|Altbach|Esslingen-Zell|Oberesslingen|Esslingen(Neckar)|Esslingen-Mettingen|Stuttgart-Obertürkheim|Stuttgart-Untertürkheim|Stuttgart Neckarpark|Stuttgart-Bad Cannstatt|Stuttgart Hbf (tief)|Stuttgart Stadtmitte|Stuttgart Feuersee|Stuttgart Schwabstr.,8006513,Stuttgart Universität,Baden-Württemberg,Stuttgart,70569,9.105864214,48.74511762,4,2605271443,,2605271443,,h,1,Störung,,,,,,,13.0,13.0
6042905361873535715-2605271346-11,7138,2605271414,2605271414,2,,S,S1,Herrenberg|Nufringen|Gärtringen|Ehningen(b Böblingen)|Hulb|Böblingen|Goldberg(Württ)|Stuttgart-Rohr|Stuttgart-Vaihingen|Stuttgart-Österfeld,8006513,Stuttgart Universität,Baden-Württemberg,Stuttgart,70569,9.105864214,48.74511762,4,2605271425,,2605271425,,h,1,Störung,,,,,,,11.0,11.0
-8059892926335795903-2605271348-19,7239,2605271435,2605271435,1,,S,S2,Schorndorf|Weiler(Rems)|Winterbach(b Schorndorf)|Geradstetten|Grunbach|Beutelsbach|Endersbach|Stetten-Beinstein|Rommelshausen|Waiblingen|Fellbach|Stuttgart-Sommerrain|Stuttgart Nürnberger Str.|Stuttgart-Bad Cannstatt|Stuttgart Hbf (tief)|Stuttgart Stadtmitte|Stuttgart Feuersee|Stuttgart Schwabstr.,8006513,Stuttgart Universität,Baden-Württemberg,Stuttgart,70569,9.105864214,48.74511762,4,2605271457,,2605271459,,h,1,Störung,,,,,,,22.0,24.0
6223730688488220237-2605271318-19,7237,2605271405,2605271405,1,,S,S2,Schorndorf|Weiler(Rems)|Winterbach(b Schorndorf)|Geradstetten|Grunbach|Beutelsbach|Endersbach|Stetten-Beinstein|Rommelshausen|Waiblingen|Fellbach|Stuttgart-Sommerrain|Stuttgart Nürnberger Str.|Stuttgart-Bad Cannstatt|Stuttgart Hbf (tief)|Stuttgart Stadtmitte|Stuttgart Feuersee|Stuttgart Schwabstr.,8006513,Stuttgart Universität,Baden-Württemberg,Stuttgart,70569,9.105864214,48.74511762,4,2605271434,,2605271435,,h,1,Störung,,,Schorndorf|Weiler(Rems)|Winterbach(b Schorndorf)|Geradstetten|Grunbach|Beutelsbach|Endersbach|Stetten-Beinstein|Rommelshausen|Waiblingen|Fellbach|Stuttgart-Sommerrain|Stuttgart Nürnberger Str.|Stuttgart-Bad Cannstatt|Stuttgart Hbf (tief)|Stuttgart Stadtmitte|Stuttgart Feuersee|Stuttgart Schwabstr.,Stuttgart-Österfeld|Stuttgart-Vaihingen|Stuttgart-Rohr|Oberaichen|Leinfelden|Echterdingen|Stuttgart Flughafen/Messe|Filderstadt,c,c,29.0,30.0
5941834571298649161-2605271320-19,7137,2605271415,2605271415,1,,S,S1,Kirchheim(Teck)|Kirchheim(Teck)-Ötlingen|Wendlingen(Neckar)|Wernau(Neckar)|Plochingen|Altbach|Esslingen-Zell|Oberesslingen|Esslingen(Neckar)|Esslingen-Mettingen|Stuttgart-Obertürkheim|Stuttgart-Untertürkheim|Stuttgart Neckarpark|Stuttgart-Bad Cannstatt|Stuttgart Hbf (tief)|Stuttgart Stadtmitte|Stuttgart Feuersee|Stuttgart Schwabstr.,8006513,Stuttgart Universität,Baden-Württemberg,Stuttgart,70569,9.105864214,48.74511762,4,2605271434,,2605271435,,h,1,Störung,,,,,c,c,19.0,20.0
4534703989086356326-2605271341-16,7337,2605271425,2605271425,1,,S,S3,Backnang|Maubach|Nellmersbach|Winnenden|Schwaikheim|Neustadt-Hohenacker|Waiblingen|Fellbach|Stuttgart-Sommerrain|Stuttgart Nürnberger Str.|Stuttgart-Bad Cannstatt|Stuttgart Hbf (tief)|Stuttgart Stadtmitte|Stuttgart Feuersee|Stuttgart Schwabstr.,8006513,Stuttgart Universität,Baden-Württemberg,Stuttgart,70569,9.105864214,48.74511762,4,2605271449,,2605271449,,h,1,Störung,,,,,,,24.0,24.0
-5789469067235984637-2605271430-3,7338,2605271434,2605271434,2,,S,S3,Stuttgart-Vaihingen|Stuttgart-Österfeld,8006513,Stuttgart Universität,Baden-Württemberg,Stuttgart,70569,9.105864214,48.74511762,4,2605271437,,2605271437,,h,1,Störung,,,,,,,3.0,3.0
7622464283457575985-2605271445-3,28336,2605271449,2605271449,2,,S,S3,Stuttgart-Vaihingen|Stuttgart-Österfeld,8006513,Stuttgart Universität,Baden-Württemberg,Stuttgart,70569,9.105864214,48.74511762,4,2605271449,,2605271450,,h,1,Störung,,,,,,,0.0,1.0
4368264823792479342-2605271416-11,7140,2605271444,2605271444,2,,S,S1,Herrenberg|Nufringen|Gärtringen|Ehningen(b Böblingen)|Hulb|Böblingen|Goldberg(Württ)|Stuttgart-Rohr|Stuttgart-Vaihingen|Stuttgart-Österfeld,8006513,Stuttgart Universität,Baden-Württemberg,Stuttgart,70569,9.105864214,48.74511762,4,2605271445,,2605271446,,h,1,Störung,,,,,,,1.0,2.0
988265121258628834-2605271403-19,7835,2605271450,2605271450,1,,S,S2,Schorndorf|Weiler(Rems)|Winterbach(b Schorndorf)|Geradstetten|Grunbach|Beutelsbach|Endersbach|Stetten-Beinstein|Rommelshausen|Waiblingen|Fellbach|Stuttgart-Sommerrain|Stuttgart Nürnberger Str.|Stuttgart-Bad Cannstatt|Stuttgart Hbf (tief)|Stuttgart Stadtmitte|Stuttgart Feuersee|Stuttgart Schwabstr.,8006513,Stuttgart Universität,Baden-Württemberg,Stuttgart,70569,9.105864214,48.74511762,4,2605271507,,2605271509,,h,1,Störung,,,,,,,17.0,19.0
-3527222447454651750-2605271326-16,28331,2605271410,2605271410,1,,S,S3,Backnang|Maubach|Nellmersbach|Winnenden|Schwaikheim|Neustadt-Hohenacker|Waiblingen|Fellbach|Stuttgart-Sommerrain|Stuttgart Nürnberger Str.|Stuttgart-Bad Cannstatt|Stuttgart Hbf (tief)|Stuttgart Stadtmitte|Stuttgart Feuersee|Stuttgart Schwabstr.,8006513,Stuttgart Universität,Baden-Württemberg,Stuttgart,70569,9.105864214,48.74511762,4,2605271428,,2605271429,,h,1,Störung,,,,,,,18.0,19.0
3573720910347828828-2605271415-3,28334,2605271419,2605271419,2,,S,S3,Stuttgart-Vaihingen|Stuttgart-Österfeld,8006513,Stuttgart Universität,Baden-Württemberg,Stuttgart,70569,9.105864214,48.74511762,4,2605271421,,2605271421,,h,1,Störung,,,,,,,2.0,2.0
-7476481686954670934-2605271403-9,7236,2605271424,2605271424,2,,S,S2,Filderstadt|Stuttgart Flughafen/Messe|Echterdingen|Leinfelden|Oberaichen|Stuttgart-Rohr|Stuttgart-Vaihingen|Stuttgart-Österfeld,8006513,Stuttgart Universität,Baden-Württemberg,Stuttgart,70569,9.105864214,48.74511762,4,2605271429,,2605271429,,h,1,Störung,,,,,,,5.0,5.0
6975060148484130926-2605271322-15,7737,2605271400,2605271400,1,,S,S1,Plochingen|Altbach|Esslingen-Zell|Oberesslingen|Esslingen(Neckar)|Esslingen-Mettingen|Stuttgart-Obertürkheim|Stuttgart-Untertürkheim|Stuttgart Neckarpark|Stuttgart-Bad Cannstatt|Stuttgart Hbf (tief)|Stuttgart Stadtmitte|Stuttgart Feuersee|Stuttgart Schwabstr.,8006513,Stuttgart Universität,Baden-Württemberg,Stuttgart,70569,9.105864214,48.74511762,4,2605271401,,2605271401,,h,1,Störung,,,,,,,1.0,1.0
-1448566218874371491-2605271401-11,7736,2605271429,2605271429,2,,S,S1,Herrenberg|Nufringen|Gärtringen|Ehningen(b Böblingen)|Hulb|Böblingen|Goldberg(Württ)|Stuttgart-Rohr|Stuttgart-Vaihingen|Stuttgart-Österfeld,8006513,Stuttgart Universität,Baden-Württemberg,Stuttgart,70569,9.105864214,48.74511762,4,2605271433,,2605271434,,h,1,Störung,,,,,,,4.0,5.0
5781587679873257611-2605271333-19,7833,2605271420,2605271420,1,,S,S2,Schorndorf|Weiler(Rems)|Winterbach(b Schorndorf)|Geradstetten|Grunbach|Beutelsbach|Endersbach|Stetten-Beinstein|Rommelshausen|Waiblingen|Fellbach|Stuttgart-Sommerrain|Stuttgart Nürnberger Str.|Stuttgart-Bad Cannstatt|Stuttgart Hbf (tief)|Stuttgart Stadtmitte|Stuttgart Feuersee|Stuttgart Schwabstr.,8006513,Stuttgart Universität,Baden-Württemberg,Stuttgart,70569,9.105864214,48.74511762,4,2605271449,,2605271449,,h,1,Störung,,,,,c,c,29.0,29.0
-6660169013356802205-2605271433-9,7238,2605271454,2605271454,2,,S,S2,Filderstadt|Stuttgart Flughafen/Messe|Echterdingen|Leinfelden|Oberaichen|Stuttgart-Rohr|Stuttgart-Vaihingen|Stuttgart-Österfeld,8006513,Stuttgart Universität,Baden-Württemberg,Stuttgart,70569,9.105864214,48.74511762,4,2605271454,,2605271454,,h,1,Störung,,,,,,,0.0,0.0
7004552740739658779-2605271350-19,7139,2605271445,2605271445,1,,S,S1,Kirchheim(Teck)|Kirchheim(Teck)-Ötlingen|Wendlingen(Neckar)|Wernau(Neckar)|Plochingen|Altbach|Esslingen-Zell|Oberesslingen|Esslingen(Neckar)|Esslingen-Mettingen|Stuttgart-Obertürkheim|Stuttgart-Untertürkheim|Stuttgart Neckarpark|Stuttgart-Bad Cannstatt|Stuttgart Hbf (tief)|Stuttgart Stadtmitte|Stuttgart Feuersee|Stuttgart Schwabstr.,8006513,Stuttgart Universität,Baden-Württemberg,Stuttgart,70569,9.105864214,48.74511762,4,2605271453,,2605271454,,h,1,Störung,,,,,,,8.0,9.0
-41822505101306185-2605271400-3,7336,2605271404,2605271404,2,,S,S3,Stuttgart-Vaihingen|Stuttgart-Österfeld,8006513,Stuttgart Universität,Baden-Württemberg,Stuttgart,70569,9.105864214,48.74511762,4,2605271404,,2605271404,,h,1,Störung,,,,,,,0.0,0.0
-973893879459034223-2605271418-14,7838,2605271454,2605271454,3,,S,S2,Filderstadt|Stuttgart Flughafen/Messe|Echterdingen|Leinfelden|Oberaichen|Stuttgart-Rohr|Stuttgart-Vaihingen|Stuttgart-Österfeld|Stuttgart Universität|Stuttgart Schwabstr.|Stuttgart Feuersee|Stuttgart Stadtmitte|Stuttgart Hbf (tief),8005769,Stuttgart-Bad Cannstatt,Baden-Württemberg,Stuttgart,70372,9.217468636,48.80127978,3,2605271455,,2605271456,,h,1,Störung,,,,,,,1.0,2.0
6554930112927852478-2605271411-11,7339,2605271440,2605271441,2,,S,S3,Backnang|Maubach|Nellmersbach|Winnenden|Schwaikheim|Neustadt-Hohenacker|Waiblingen|Fellbach|Stuttgart-Sommerrain|Stuttgart Nürnberger Str.,8005769,Stuttgart-Bad Cannstatt,Baden-Württemberg,Stuttgart,70372,9.217468636,48.80127978,3,2605271449,,2605271452,,h,1,Störung,,,,,,,9.0,11.0
4554148550216211242-2605271456-2,88621,2605271459,2605271501,7,,ARV,RE90,Stuttgart Hbf,8005769,Stuttgart-Bad Cannstatt,Baden-Württemberg,Stuttgart,70372,9.217468636,48.80127978,3,2605271459,,2605271501,,,,,,,,,,,0.0,0.0
-5065266161330824658-2605271348-14,7836,2605271424,2605271424,3,,S,S2,Filderstadt|Stuttgart Flughafen/Messe|Echterdingen|Leinfelden|Oberaichen|Stuttgart-Rohr|Stuttgart-Vaihingen|Stuttgart-Österfeld|Stuttgart Universität|Stuttgart Schwabstr.|Stuttgart Feuersee|Stuttgart Stadtmitte|Stuttgart Hbf (tief),8005769,Stuttgart-Bad Cannstatt,Baden-Württemberg,Stuttgart,70372,9.217468636,48.80127978,3,2605271425,,2605271425,,h,1,Störung,,,,,,,1.0,1.0
-955797221433152779-2605271333-14,7234,2605271409,2605271409,3,,S,S2,Filderstadt|Stuttgart Flughafen/Messe|Echterdingen|Leinfelden|Oberaichen|Stuttgart-Rohr|Stuttgart-Vaihingen|Stuttgart-Österfeld|Stuttgart Universität|Stuttgart Schwabstr.|Stuttgart Feuersee|Stuttgart Stadtmitte|Stuttgart Hbf (tief),8005769,Stuttgart-Bad Cannstatt,Baden-Württemberg,Stuttgart,70372,9.217468636,48.80127978,3,2605271411,,2605271411,,h,1,Störung,,,,,,,2.0,2.0
-4213544138721587197-2605271345-8,28332,2605271404,2605271404,3,,S,S3,Stuttgart-Vaihingen|Stuttgart-Österfeld|Stuttgart Universität|Stuttgart Schwabstr.|Stuttgart Feuersee|Stuttgart Stadtmitte|Stuttgart Hbf (tief),8005769,Stuttgart-Bad Cannstatt,Baden-Württemberg,Stuttgart,70372,9.217468636,48.80127978,3,2605271404,,2605271405,,,,,,,,,,,0.0,1.0
-1157059812177875045-2605271356-11,28333,2605271425,2605271426,2,,S,S3,Backnang|Maubach|Nellmersbach|Winnenden|Schwaikheim|Neustadt-Hohenacker|Waiblingen|Fellbach|Stuttgart-Sommerrain|Stuttgart Nürnberger Str.,8005769,Stuttgart-Bad Cannstatt,Baden-Württemberg,Stuttgart,70372,9.217468636,48.80127978,3,2605271441,1,2605271444,1,h,1,Störung,,,,,,,16.0,18.0
6090349839205683457-2605271311-17,19472,2605271435,2605271435,6,,ARV,MEX13,Ellwangen|Schrezheim|Schwabsberg|Goldshöfe|Hofen(b Aalen)|Wasseralfingen|Aalen Hbf|Mögglingen(Gmünd)|Böbingen(Rems)|Schwäbisch Gmünd|Lorch(Württ)|Waldhausen(b Schorndorf)|Plüderhausen|Urbach(b Schorndorf)|Schorndorf|Waiblingen,8005769,Stuttgart-Bad Cannstatt,Baden-Württemberg,Stuttgart,70372,9.217468636,48.80127978,3,2605271438,,2605271438,,,,,,,,,,,3.0,3.0
-1478657606619347355-2605271352-10,7739,2605271415,2605271416,2,,S,S1,Plochingen|Altbach|Esslingen-Zell|Oberesslingen|Esslingen(Neckar)|Esslingen-Mettingen|Stuttgart-Obertürkheim|Stuttgart-Untertürkheim|Stuttgart Neckarpark,8005769,Stuttgart-Bad Cannstatt,Baden-Württemberg,Stuttgart,70372,9.217468636,48.80127978,3,2605271416,1,2605271428,1,h,1,Störung,,,,,,,1.0,12.0
6042905361873535715-2605271346-16,7138,2605271429,2605271429,3,,S,S1,Herrenberg|Nufringen|Gärtringen|Ehningen(b Böblingen)|Hulb|Böblingen|Goldberg(Württ)|Stuttgart-Rohr|Stuttgart-Vaihingen|Stuttgart-Österfeld|Stuttgart Universität|Stuttgart Schwabstr.|Stuttgart Feuersee|Stuttgart Stadtmitte|Stuttgart Hbf (tief),8005769,Stuttgart-Bad Cannstatt,Baden-Württemberg,Stuttgart,70372,9.217468636,48.80127978,3,2605271442,,2605271442,,h,1,Störung,,,,,,,13.0,13.0
-5955272615429035569-2605271418-14,7241,2605271450,2605271451,2,,S,S2,Schorndorf|Weiler(Rems)|Winterbach(b Schorndorf)|Geradstetten|Grunbach|Beutelsbach|Endersbach|Stetten-Beinstein|Rommelshausen|Waiblingen|Fellbach|Stuttgart-Sommerrain|Stuttgart Nürnberger Str.,8005769,Stuttgart-Bad Cannstatt,Baden-Württemberg,Stuttgart,70372,9.217468636,48.80127978,3,2605271452,1,2605271455,1,h,1,Störung,,,,,,,2.0,4.0
-8059892926335795903-2605271348-14,7239,2605271420,2605271421,2,,S,S2,Schorndorf|Weiler(Rems)|Winterbach(b Schorndorf)|Geradstetten|Grunbach|Beutelsbach|Endersbach|Stetten-Beinstein|Rommelshausen|Waiblingen|Fellbach|Stuttgart-Sommerrain|Stuttgart Nürnberger Str.,8005769,Stuttgart-Bad Cannstatt,Baden-Württemberg,Stuttgart,70372,9.217468636,48.80127978,3,2605271438,,2605271442,,h,1,Störung,,,,,,,18.0,21.0
959092593719343738-2605271426-11,28335,2605271455,2605271456,2,,S,S3,Backnang|Maubach|Nellmersbach|Winnenden|Schwaikheim|Neustadt-Hohenacker|Waiblingen|Fellbach|Stuttgart-Sommerrain|Stuttgart Nürnberger Str.,8005769,Stuttgart-Bad Cannstatt,Baden-Württemberg,Stuttgart,70372,9.217468636,48.80127978,3,2605271500,,2605271501,,h,1,Störung,,,,,,,5.0,5.0
8807243054349664487-2605271307-11,19422,2605271405,2605271405,6,,ARV,MEX13,Aalen Hbf|Mögglingen(Gmünd)|Böbingen(Rems)|Schwäbisch Gmünd|Lorch(Württ)|Waldhausen(b Schorndorf)|Plüderhausen|Urbach(b Schorndorf)|Schorndorf|Waiblingen,8005769,Stuttgart-Bad Cannstatt,Baden-Württemberg,Stuttgart,70372,9.217468636,48.80127978,3,2605271407,,2605271408,,,,,,,,,,,2.0,3.0
5941834571298649161-2605271320-14,7137,2605271400,2605271401,2,,S,S1,Kirchheim(Teck)|Kirchheim(Teck)-Ötlingen|Wendlingen(Neckar)|Wernau(Neckar)|Plochingen|Altbach|Esslingen-Zell|Oberesslingen|Esslingen(Neckar)|Esslingen-Mettingen|Stuttgart-Obertürkheim|Stuttgart-Untertürkheim|Stuttgart Neckarpark,8005769,Stuttgart-Bad Cannstatt,Baden-Württemberg,Stuttgart,70372,9.217468636,48.80127978,3,2605271400,,2605271420,,h,1,Störung,,,,,,,0.0,19.0
-7035317771144453335-2605271446-2,19421,2605271449,2605271452,7,,ARV,MEX13,Stuttgart Hbf,8005769,Stuttgart-Bad Cannstatt,Baden-Württemberg,Stuttgart,70372,9.217468636,48.80127978,3,2605271455,,2605271456,,,,,,,,,,,6.0,4.0
7968101357330466259-2605271332-10,17536,2605271428,2605271428,1,,RB,MEX19,Gaildorf West|Fichtenberg|Fornsbach|Murrhardt|Sulzbach(Murr)|Oppenweiler(Württ)|Backnang|Winnenden|Waiblingen,8005769,Stuttgart-Bad Cannstatt,Baden-Württemberg,Stuttgart,70372,9.217468636,48.80127978,3,2605271434,6,2605271434,6,,,,,,,,,,6.0,6.0
4534703989086356326-2605271341-11,7337,2605271410,2605271411,2,,S,S3,Backnang|Maubach|Nellmersbach|Winnenden|Schwaikheim|Neustadt-Hohenacker|Waiblingen|Fellbach|Stuttgart-Sommerrain|Stuttgart Nürnberger Str.,8005769,Stuttgart-Bad Cannstatt,Baden-Württemberg,Stuttgart,70372,9.217468636,48.80127978,3,2605271431,1,2605271433,1,h,1,Störung,,,,,,,21.0,22.0
8633251930679828811-2605271236-23,19321,2605271427,2605271427,8,,RE,MEX18,Osterburken|Adelsheim Ost|Sennfeld|Roigheim|Möckmühl|Züttlingen|Siglingen|Neudenau|Herbolzheim(Jagst)|Untergriesheim|Bad Friedrichshall Hbf|Neckarsulm|Heilbronn Sülmertor|Heilbronn Hbf|Nordheim(Württ)|Lauffen(Neckar)|Kirchheim(Neckar)|Walheim(Württ)|Besigheim|Bietigheim-Bissingen|Ludwigsburg|Stuttgart Hbf,8005769,Stuttgart-Bad Cannstatt,Baden-Württemberg,Stuttgart,70372,9.217468636,48.80127978,3,2605271442,,2605271444,,h,2,Information,,,,,,,15.0,17.0
-5789469067235984637-2605271430-8,7338,2605271449,2605271449,3,,S,S3,Stuttgart-Vaihingen|Stuttgart-Österfeld|Stuttgart Universität|Stuttgart Schwabstr.|Stuttgart Feuersee|Stuttgart Stadtmitte|Stuttgart Hbf (tief),8005769,Stuttgart-Bad Cannstatt,Baden-Württemberg,Stuttgart,70372,9.217468636,48.80127978,3,2605271452,,2605271452,,h,1,Störung,,,,,,,3.0,3.0
-4628373679111248828-2605271403-2,19147,2605271406,2605271408,8,,ARV,MEX16,Stuttgart Hbf,8005769,Stuttgart-Bad Cannstatt,Baden-Württemberg,Stuttgart,70372,9.217468636,48.80127978,3,2605271408,,2605271408,,,,,,,,,,,2.0,0.0
-7554900795213045256-2605271320-21,19146,2605271446,2605271449,5,,ARV,MEX16,Ulm Hbf|Beimerstetten|Westerstetten|Lonsee|Urspring|Amstetten(Württ)|Geislingen(Steige)|Geislingen(Steige)West|Kuchen|Gingen(Fils)|Süßen|Salach|Eislingen(Fils)|Göppingen|Faurndau|Uhingen|Ebersbach(Fils)|Reichenbach(Fils)|Plochingen|Esslingen(Neckar),8005769,Stuttgart-Bad Cannstatt,Baden-Württemberg,Stuttgart,70372,9.217468636,48.80127978,3,2605271445,,2605271446,,,,,,,,,,,-1.0,-3.0
4368264823792479342-2605271416-16,7140,2605271459,2605271459,3,,S,S1,Herrenberg|Nufringen|Gärtringen|Ehningen(b Böblingen)|Hulb|Böblingen|Goldberg(Württ)|Stuttgart-Rohr|Stuttgart-Vaihingen|Stuttgart-Österfeld|Stuttgart Universität|Stuttgart Schwabstr.|Stuttgart Feuersee|Stuttgart Stadtmitte|Stuttgart Hbf (tief),8005769,Stuttgart-Bad Cannstatt,Baden-Württemberg,Stuttgart,70372,9.217468636,48.80127978,3,2605271500,,2605271501,,h,1,Störung,,,,,,,1.0,2.0
988265121258628834-2605271403-14,7835,2605271435,2605271436,2,,S,S2,Schorndorf|Weiler(Rems)|Winterbach(b Schorndorf)|Geradstetten|Grunbach|Beutelsbach|Endersbach|Stetten-Beinstein|Rommelshausen|Waiblingen|Fellbach|Stuttgart-Sommerrain|Stuttgart Nürnberger Str.,8005769,Stuttgart-Bad Cannstatt,Baden-Württemberg,Stuttgart,70372,9.217468636,48.80127978,3,2605271445,,2605271447,,h,1,Störung,,,,,,,10.0,11.0
-5292522065650410408-2605271357-10,19227,2605271457,2605271458,8,,RE,MEX12,Heilbronn Hbf|Nordheim(Württ)|Lauffen(Neckar)|Kirchheim(Neckar)|Walheim(Württ)|Besigheim|Bietigheim-Bissingen|Ludwigsburg|Stuttgart Hbf,8005769,Stuttgart-Bad Cannstatt,Baden-Württemberg,Stuttgart,70372,9.217468636,48.80127978,3,2605271518,,2605271519,,h,2,Information,,,,,,,21.0,21.0
63052419890451744-2605271420-2,19471,2605271424,2605271425,7,,ARV,MEX13,Stuttgart Hbf,8005769,Stuttgart-Bad Cannstatt,Baden-Württemberg,Stuttgart,70372,9.217468636,48.80127978,3,2605271426,,2605271427,,,,,,,,,,,2.0,2.0
-8022228080648420109-2605271442-2,19149,2605271445,2605271446,8,,ARV,MEX16,Stuttgart Hbf,8005769,Stuttgart-Bad Cannstatt,Baden-Württemberg,Stuttgart,70372,9.217468636,48.80127978,3,2605271451,,2605271452,,,,,,,,,,,6.0,6.0
3573720910347828828-2605271415-8,28334,2605271434,2605271434,3,,S,S3,Stuttgart-Vaihingen|Stuttgart-Österfeld|Stuttgart Universität|Stuttgart Schwabstr.|Stuttgart Feuersee|Stuttgart Stadtmitte|Stuttgart Hbf (tief),8005769,Stuttgart-Bad Cannstatt,Baden-Württemberg,Stuttgart,70372,9.217468636,48.80127978,3,2605271438,,2605271439,,h,1,Störung,,,,,,,4.0,5.0
1455511285002615373-2605271305-10,19232,2605271402,2605271402,5,,RE,MEX12,Tübingen Hbf|Reutlingen Hbf|Metzingen(Württ)|Bempflingen|Nürtingen|Oberboihingen|Wendlingen(Neckar)|Plochingen|Esslingen(Neckar),8005769,Stuttgart-Bad Cannstatt,Baden-Württemberg,Stuttgart,70372,9.217468636,48.80127978,3,2605271402,,2605271404,,h,2,Information,,,,,,,0.0,2.0
-7476481686954670934-2605271403-14,7236,2605271439,2605271439,3,,S,S2,Filderstadt|Stuttgart Flughafen/Messe|Echterdingen|Leinfelden|Oberaichen|Stuttgart-Rohr|Stuttgart-Vaihingen|Stuttgart-Österfeld|Stuttgart Universität|Stuttgart Schwabstr.|Stuttgart Feuersee|Stuttgart Stadtmitte|Stuttgart Hbf (tief),8005769,Stuttgart-Bad Cannstatt,Baden-Württemberg,Stuttgart,70372,9.217468636,48.80127978,3,2605271445,,2605271445,,h,1,Störung,,,,,,,6.0,6.0
-3450342550725116010-2605271236-21,19144,2605271411,2605271412,5,,ARV,MEX16,Ulm Hbf|Beimerstetten|Westerstetten|Lonsee|Urspring|Amstetten(Württ)|Geislingen(Steige)|Geislingen(Steige)West|Kuchen|Gingen(Fils)|Süßen|Salach|Eislingen(Fils)|Göppingen|Faurndau|Uhingen|Ebersbach(Fils)|Reichenbach(Fils)|Plochingen|Esslingen(Neckar),8005769,Stuttgart-Bad Cannstatt,Baden-Württemberg,Stuttgart,70372,9.217468636,48.80127978,3,2605271410,,2605271412,,,,,,,,,,,-1.0,0.0
-1448566218874371491-2605271401-16,7736,2605271444,2605271444,3,,S,S1,Herrenberg|Nufringen|Gärtringen|Ehningen(b Böblingen)|Hulb|Böblingen|Goldberg(Württ)|Stuttgart-Rohr|Stuttgart-Vaihingen|Stuttgart-Österfeld|Stuttgart Universität|Stuttgart Schwabstr.|Stuttgart Feuersee|Stuttgart Stadtmitte|Stuttgart Hbf (tief),8005769,Stuttgart-Bad Cannstatt,Baden-Württemberg,Stuttgart,70372,9.217468636,48.80127978,3,2605271449,,2605271450,,h,1,Störung,,,,,,,5.0,6.0
2656037465984484316-2605271426-2,17533,2605271429,2605271430,7,,RB,MEX19,Stuttgart Hbf,8005769,Stuttgart-Bad Cannstatt,Baden-Württemberg,Stuttgart,70372,9.217468636,48.80127978,3,2605271431,,2605271432,,,,,,,,,,,2.0,2.0
-1936486939046904827-2605271331-16,7734,2605271414,2605271414,3,,S,S1,Herrenberg|Nufringen|Gärtringen|Ehningen(b Böblingen)|Hulb|Böblingen|Goldberg(Württ)|Stuttgart-Rohr|Stuttgart-Vaihingen|Stuttgart-Österfeld|Stuttgart Universität|Stuttgart Schwabstr.|Stuttgart Feuersee|Stuttgart Stadtmitte|Stuttgart Hbf (tief),8005769,Stuttgart-Bad Cannstatt,Baden-Württemberg,Stuttgart,70372,9.217468636,48.80127978,3,2605271432,,2605271436,,h,1,Störung,,,,,p,p,18.0,22.0
-3722178580889207774-2605271422-10,7741,2605271445,2605271446,2,,S,S1,Plochingen|Altbach|Esslingen-Zell|Oberesslingen|Esslingen(Neckar)|Esslingen-Mettingen|Stuttgart-Obertürkheim|Stuttgart-Untertürkheim|Stuttgart Neckarpark,8005769,Stuttgart-Bad Cannstatt,Baden-Württemberg,Stuttgart,70372,9.217468636,48.80127978,3,2605271446,1,2605271449,1,h,1,Störung,,,,,,,1.0,3.0
-1544538779323315833-2605271333-8,19320,2605271425,2605271426,5,,RE,MEX18,Tübingen Hbf|Reutlingen Hbf|Metzingen(Württ)|Nürtingen|Wendlingen(Neckar)|Plochingen|Esslingen(Neckar),8005769,Stuttgart-Bad Cannstatt,Baden-Württemberg,Stuttgart,70372,9.217468636,48.80127978,3,2605271425,,2605271426,,h,2,Information,,,,,,,0.0,0.0
5781587679873257611-2605271333-14,7833,2605271405,2605271406,2,,S,S2,Schorndorf|Weiler(Rems)|Winterbach(b Schorndorf)|Geradstetten|Grunbach|Beutelsbach|Endersbach|Stetten-Beinstein|Rommelshausen|Waiblingen|Fellbach|Stuttgart-Sommerrain|Stuttgart Nürnberger Str.,8005769,Stuttgart-Bad Cannstatt,Baden-Württemberg,Stuttgart,70372,9.217468636,48.80127978,3,2605271426,,2605271436,,h,1,Störung,,,Schorndorf|Weiler(Rems)|Winterbach(b Schorndorf)|Geradstetten|Grunbach|Beutelsbach|Endersbach|Stetten-Beinstein|Rommelshausen|Waiblingen|Fellbach|Stuttgart-Sommerrain|Stuttgart Nürnberger Str.,Stuttgart Hbf (tief)|Stuttgart Stadtmitte|Stuttgart Feuersee|Stuttgart Schwabstr.|Stuttgart Universität|Stuttgart-Österfeld|Stuttgart-Vaihingen|Stuttgart-Rohr|Oberaichen|Leinfelden|Echterdingen|Stuttgart Flughafen/Messe|Filderstadt,,c,21.0,30.0
7004552740739658779-2605271350-14,7139,2605271430,2605271431,2,,S,S1,Kirchheim(Teck)|Kirchheim(Teck)-Ötlingen|Wendlingen(Neckar)|Wernau(Neckar)|Plochingen|Altbach|Esslingen-Zell|Oberesslingen|Esslingen(Neckar)|Esslingen-Mettingen|Stuttgart-Obertürkheim|Stuttgart-Untertürkheim|Stuttgart Neckarpark,8005769,Stuttgart-Bad Cannstatt,Baden-Württemberg,Stuttgart,70372,9.217468636,48.80127978,3,2605271434,1,2605271439,1,h,1,Störung,,,,,,,4.0,8.0
-41822505101306185-2605271400-8,7336,2605271419,2605271419,3,,S,S3,Stuttgart-Vaihingen|Stuttgart-Österfeld|Stuttgart Universität|Stuttgart Schwabstr.|Stuttgart Feuersee|Stuttgart Stadtmitte|Stuttgart Hbf (tief),8005769,Stuttgart-Bad Cannstatt,Baden-Württemberg,Stuttgart,70372,9.217468636,48.80127978,3,2605271420,,2605271421,,h,1,Störung,,,,,,,1.0,2.0
7993369286273643102-2605271340-8,28401,2605271401,2605271401,1,,S,S4,Marbach(Neckar)|Benningen(Neckar)|Freiberg(Neckar)|Favoritepark|Ludwigsburg|Kornwestheim Pbf|Stuttgart-Zuffenhausen,8005770,Stuttgart-Feuerbach,Baden-Württemberg,Feuerbach,70469,9.169186287,48.81363554,3,2605271401,,2605271401,,h,1,Störung,,,,,,,0.0,0.0
-8228587515374315120-2605271352-6,7536,2605271403,2605271404,2,,S,S5,Stuttgart Schwabstr.|Stuttgart Feuersee|Stuttgart Stadtmitte|Stuttgart Hbf (tief)|Stuttgart Nordbahnhof,8005770,Stuttgart-Feuerbach,Baden-Württemberg,Feuerbach,70469,9.169186287,48.81363554,3,2605271404,,2605271404,,,,,,,,,,,1.0,0.0
-4819270473812152373-2605271417-6,28406,2605271428,2605271429,2,,S,S4,Stuttgart Schwabstr.|Stuttgart Feuersee|Stuttgart Stadtmitte|Stuttgart Hbf (tief)|Stuttgart Nordbahnhof,8005770,Stuttgart-Feuerbach,Baden-Württemberg,Feuerbach,70469,9.169186287,48.81363554,3,2605271441,,2605271442,,h,1,Störung,,,,,,,13.0,13.0
7922855139158603560-2605271407-7,7539,2605271426,2605271426,1,,S,S5,Bietigheim-Bissingen|Tamm(Württ)|Asperg|Ludwigsburg|Kornwestheim Pbf|Stuttgart-Zuffenhausen,8005770,Stuttgart-Feuerbach,Baden-Württemberg,Feuerbach,70469,9.169186287,48.81363554,3,2605271429,,2605271429,,h,1,Störung,,,,,,,3.0,3.0
-2716364704866871625-2605271410-8,28403,2605271431,2605271431,1,,S,S4,Marbach(Neckar)|Benningen(Neckar)|Freiberg(Neckar)|Favoritepark|Ludwigsburg|Kornwestheim Pbf|Stuttgart-Zuffenhausen,8005770,Stuttgart-Feuerbach,Baden-Württemberg,Feuerbach,70469,9.169186287,48.81363554,3,2605271432,,2605271432,,h,1,Störung,,,,,,,1.0,1.0
-6549272114727686147-2605271403-12,7439,2605271446,2605271446,1,,S,S4,Backnang|Burgstall(Murr)|Kirchberg(Murr)|Erdmannhausen|Marbach(Neckar)|Benningen(Neckar)|Freiberg(Neckar)|Favoritepark|Ludwigsburg|Kornwestheim Pbf|Stuttgart-Zuffenhausen,8005770,Stuttgart-Feuerbach,Baden-Württemberg,Feuerbach,70469,9.169186287,48.81363554,3,2605271502,,2605271502,,h,1,Störung,,,,,,,16.0,16.0
-5316665284018315725-2605271412-6,7636,2605271423,2605271424,2,,S,S6,Stuttgart Schwabstr.|Stuttgart Feuersee|Stuttgart Stadtmitte|Stuttgart Hbf (tief)|Stuttgart Nordbahnhof,8005770,Stuttgart-Feuerbach,Baden-Württemberg,Feuerbach,70469,9.169186287,48.81363554,3,2605271424,,2605271425,,h,1,Störung,,,,,,,1.0,1.0
6483046306664196939-2605271437-6,28474,2605271448,2605271449,2,,S,S5,Stuttgart Schwabstr.|Stuttgart Feuersee|Stuttgart Stadtmitte|Stuttgart Hbf (tief)|Stuttgart Nordbahnhof,8005770,Stuttgart-Feuerbach,Baden-Württemberg,Feuerbach,70469,9.169186287,48.81363554,3,2605271448,,2605271449,,h,1,Störung,,,,,c,c,0.0,0.0
-6501025132250133137-2605271432-6,7436,2605271443,2605271444,2,,S,S4,Stuttgart Schwabstr.|Stuttgart Feuersee|Stuttgart Stadtmitte|Stuttgart Hbf (tief)|Stuttgart Nordbahnhof,8005770,Stuttgart-Feuerbach,Baden-Württemberg,Feuerbach,70469,9.169186287,48.81363554,3,2605271443,,2605271446,,h,1,Störung,,,,,c,,0.0,2.0
-2744660321086161380-2605271422-7,28475,2605271441,2605271441,1,,S,S5,Bietigheim-Bissingen|Tamm(Württ)|Asperg|Ludwigsburg|Kornwestheim Pbf|Stuttgart-Zuffenhausen,8005770,Stuttgart-Feuerbach,Baden-Württemberg,Feuerbach,70469,9.169186287,48.81363554,3,2605271442,,2605271443,,h,1,Störung,,,,,,,1.0,2.0
-6618548157105238962-2605271333-12,7637,2605271406,2605271406,1,,S,S6,Weil der Stadt|Malmsheim|Renningen|Rutesheim|Leonberg|Höfingen|Ditzingen|Weilimdorf|Korntal|Neuwirtshaus(Porscheplatz)|Stuttgart-Zuffenhausen,8005770,Stuttgart-Feuerbach,Baden-Württemberg,Feuerbach,70469,9.169186287,48.81363554,3,2605271406,,2605271406,,h,1,Störung,,,,,,c,0.0,0.0
1310498941862652561-2605271402-6,7434,2605271413,2605271414,2,,S,S4,Stuttgart Schwabstr.|Stuttgart Feuersee|Stuttgart Stadtmitte|Stuttgart Hbf (tief)|Stuttgart Nordbahnhof,8005770,Stuttgart-Feuerbach,Baden-Württemberg,Feuerbach,70469,9.169186287,48.81363554,3,2605271415,,2605271415,,h,1,Störung,,,,,,,2.0,1.0
3829718457082671082-2605271437-7,7541,2605271456,2605271456,1,,S,S5,Bietigheim-Bissingen|Tamm(Württ)|Asperg|Ludwigsburg|Kornwestheim Pbf|Stuttgart-Zuffenhausen,8005770,Stuttgart-Feuerbach,Baden-Württemberg,Feuerbach,70469,9.169186287,48.81363554,3,2605271458,,2605271458,,h,1,Störung,,,,,,,2.0,2.0
-5265875940213227637-2605271352-7,28473,2605271411,2605271411,1,,S,S5,Bietigheim-Bissingen|Tamm(Württ)|Asperg|Ludwigsburg|Kornwestheim Pbf|Stuttgart-Zuffenhausen,8005770,Stuttgart-Feuerbach,Baden-Württemberg,Feuerbach,70469,9.169186287,48.81363554,3,2605271413,,2605271413,,h,1,Störung,,,,,,c,2.0,2.0
3618335699656372385-2605271333-12,7437,2605271416,2605271416,1,,S,S4,Backnang|Burgstall(Murr)|Kirchberg(Murr)|Erdmannhausen|Marbach(Neckar)|Benningen(Neckar)|Freiberg(Neckar)|Favoritepark|Ludwigsburg|Kornwestheim Pbf|Stuttgart-Zuffenhausen,8005770,Stuttgart-Feuerbach,Baden-Württemberg,Feuerbach,70469,9.169186287,48.81363554,3,2605271419,,2605271419,,h,1,Störung,,,,,c,c,3.0,3.0
-5854173668816466816-2605271447-6,28408,2605271458,2605271459,2,,S,S4,Stuttgart Schwabstr.|Stuttgart Feuersee|Stuttgart Stadtmitte|Stuttgart Hbf (tief)|Stuttgart Nordbahnhof,8005770,Stuttgart-Feuerbach,Baden-Württemberg,Feuerbach,70469,9.169186287,48.81363554,3,2605271459,,2605271500,,h,1,Störung,,,,,,,1.0,1.0
-2645153808296859604-2605271403-12,7639,2605271436,2605271436,1,,S,S6,Weil der Stadt|Malmsheim|Renningen|Rutesheim|Leonberg|Höfingen|Ditzingen|Weilimdorf|Korntal|Neuwirtshaus(Porscheplatz)|Stuttgart-Zuffenhausen,8005770,Stuttgart-Feuerbach,Baden-Württemberg,Feuerbach,70469,9.169186287,48.81363554,3,2605271446,1a,2605271444,,h,1,Störung,,,,,,c,10.0,8.0
5479979498154291155-2605271422-6,7538,2605271433,2605271434,2,,S,S5,Stuttgart Schwabstr.|Stuttgart Feuersee|Stuttgart Stadtmitte|Stuttgart Hbf (tief)|Stuttgart Nordbahnhof,8005770,Stuttgart-Feuerbach,Baden-Württemberg,Feuerbach,70469,9.169186287,48.81363554,3,2605271434,,2605271435,,h,1,Störung,,,,,,,1.0,1.0
-5544791981213765004-2605271442-6,7638,2605271453,2605271454,2,,S,S6,Stuttgart Schwabstr.|Stuttgart Feuersee|Stuttgart Stadtmitte|Stuttgart Hbf (tief)|Stuttgart Nordbahnhof,8005770,Stuttgart-Feuerbach,Baden-Württemberg,Feuerbach,70469,9.169186287,48.81363554,3,,,2605271454,,h,1,Störung,,,,,c,,0.0,0.0
5825878238612075562-2605271407-6,28472,2605271418,2605271419,2,,S,S5,Stuttgart Schwabstr.|Stuttgart Feuersee|Stuttgart Stadtmitte|Stuttgart Hbf (tief)|Stuttgart Nordbahnhof,8005770,Stuttgart-Feuerbach,Baden-Württemberg,Feuerbach,70469,9.169186287,48.81363554,3,2605271418,,2605271419,,h,1,Störung,,,,,,,0.0,0.0
-973893879459034223-2605271418-11,7838,2605271446,2605271447,2,,S,S2,Filderstadt|Stuttgart Flughafen/Messe|Echterdingen|Leinfelden|Oberaichen|Stuttgart-Rohr|Stuttgart-Vaihingen|Stuttgart-Österfeld|Stuttgart Universität|Stuttgart Schwabstr.,8006699,Stuttgart Feuersee,Baden-Württemberg,Stuttgart,70176,9.165850846,48.7726173,3,2605271447,,2605271448,,h,1,Störung,,,,,,,1.0,1.0
6554930112927852478-2605271411-14,7339,2605271448,2605271449,1,,S,S3,Backnang|Maubach|Nellmersbach|Winnenden|Schwaikheim|Neustadt-Hohenacker|Waiblingen|Fellbach|Stuttgart-Sommerrain|Stuttgart Nürnberger Str.|Stuttgart-Bad Cannstatt|Stuttgart Hbf (tief)|Stuttgart Stadtmitte,8006699,Stuttgart Feuersee,Baden-Württemberg,Stuttgart,70176,9.165850846,48.7726173,3,2605271500,,2605271502,,h,1,Störung,,,,,,,12.0,13.0
7993369286273643102-2605271340-12,28401,2605271411,2605271411,1,,S,S4,Marbach(Neckar)|Benningen(Neckar)|Freiberg(Neckar)|Favoritepark|Ludwigsburg|Kornwestheim Pbf|Stuttgart-Zuffenhausen|Stuttgart-Feuerbach|Stuttgart Nordbahnhof|Stuttgart Hbf (tief)|Stuttgart Stadtmitte,8006699,Stuttgart Feuersee,Baden-Württemberg,Stuttgart,70176,9.165850846,48.7726173,3,2605271411,,2605271412,,h,1,Störung,,,,,c,c,0.0,1.0
-5065266161330824658-2605271348-11,7836,2605271416,2605271417,2,,S,S2,Filderstadt|Stuttgart Flughafen/Messe|Echterdingen|Leinfelden|Oberaichen|Stuttgart-Rohr|Stuttgart-Vaihingen|Stuttgart-Österfeld|Stuttgart Universität|Stuttgart Schwabstr.,8006699,Stuttgart Feuersee,Baden-Württemberg,Stuttgart,70176,9.165850846,48.7726173,3,2605271416,,2605271417,,h,1,Störung,,,,,,,0.0,0.0
-955797221433152779-2605271333-11,7234,2605271401,2605271402,2,,S,S2,Filderstadt|Stuttgart Flughafen/Messe|Echterdingen|Leinfelden|Oberaichen|Stuttgart-Rohr|Stuttgart-Vaihingen|Stuttgart-Österfeld|Stuttgart Universität|Stuttgart Schwabstr.,8006699,Stuttgart Feuersee,Baden-Württemberg,Stuttgart,70176,9.165850846,48.7726173,3,2605271402,,2605271403,,h,1,Störung,,,,,,,1.0,1.0
-1157059812177875045-2605271356-14,28333,2605271433,2605271434,1,,S,S3,Backnang|Maubach|Nellmersbach|Winnenden|Schwaikheim|Neustadt-Hohenacker|Waiblingen|Fellbach|Stuttgart-Sommerrain|Stuttgart Nürnberger Str.|Stuttgart-Bad Cannstatt|Stuttgart Hbf (tief)|Stuttgart Stadtmitte,8006699,Stuttgart Feuersee,Baden-Württemberg,Stuttgart,70176,9.165850846,48.7726173,3,2605271452,,2605271452,,h,1,Störung,,,,,,,19.0,18.0
-4819270473812152373-2605271417-2,28406,2605271419,2605271419,2,,S,S4,Stuttgart Schwabstr.,8006699,Stuttgart Feuersee,Baden-Württemberg,Stuttgart,70176,9.165850846,48.7726173,3,2605271431,,2605271432,,h,1,Störung,,,,,,,12.0,13.0
-1478657606619347355-2605271352-13,7739,2605271423,2605271424,1,,S,S1,Plochingen|Altbach|Esslingen-Zell|Oberesslingen|Esslingen(Neckar)|Esslingen-Mettingen|Stuttgart-Obertürkheim|Stuttgart-Untertürkheim|Stuttgart Neckarpark|Stuttgart-Bad Cannstatt|Stuttgart Hbf (tief)|Stuttgart Stadtmitte,8006699,Stuttgart Feuersee,Baden-Württemberg,Stuttgart,70176,9.165850846,48.7726173,3,2605271437,,2605271438,,h,1,Störung,,,,,,,14.0,14.0
6042905361873535715-2605271346-13,7138,2605271421,2605271422,2,,S,S1,Herrenberg|Nufringen|Gärtringen|Ehningen(b Böblingen)|Hulb|Böblingen|Goldberg(Württ)|Stuttgart-Rohr|Stuttgart-Vaihingen|Stuttgart-Österfeld|Stuttgart Universität|Stuttgart Schwabstr.,8006699,Stuttgart Feuersee,Baden-Württemberg,Stuttgart,70176,9.165850846,48.7726173,3,2605271434,,2605271434,,h,1,Störung,,,,,,,13.0,12.0
-5955272615429035569-2605271418-17,7241,2605271458,2605271459,1,,S,S2,Schorndorf|Weiler(Rems)|Winterbach(b Schorndorf)|Geradstetten|Grunbach|Beutelsbach|Endersbach|Stetten-Beinstein|Rommelshausen|Waiblingen|Fellbach|Stuttgart-Sommerrain|Stuttgart Nürnberger Str.|Stuttgart-Bad Cannstatt|Stuttgart Hbf (tief)|Stuttgart Stadtmitte,8006699,Stuttgart Feuersee,Baden-Württemberg,Stuttgart,70176,9.165850846,48.7726173,3,2605271503,,2605271504,,h,1,Störung,,,,,,,5.0,5.0
-8059892926335795903-2605271348-17,7239,2605271428,2605271429,1,,S,S2,Schorndorf|Weiler(Rems)|Winterbach(b Schorndorf)|Geradstetten|Grunbach|Beutelsbach|Endersbach|Stetten-Beinstein|Rommelshausen|Waiblingen|Fellbach|Stuttgart-Sommerrain|Stuttgart Nürnberger Str.|Stuttgart-Bad Cannstatt|Stuttgart Hbf (tief)|Stuttgart Stadtmitte,8006699,Stuttgart Feuersee,Baden-Württemberg,Stuttgart,70176,9.165850846,48.7726173,3,2605271450,,2605271450,,h,1,Störung,,,,,,,22.0,21.0
7922855139158603560-2605271407-11,7539,2605271436,2605271436,1,,S,S5,Bietigheim-Bissingen|Tamm(Württ)|Asperg|Ludwigsburg|Kornwestheim Pbf|Stuttgart-Zuffenhausen|Stuttgart-Feuerbach|Stuttgart Nordbahnhof|Stuttgart Hbf (tief)|Stuttgart Stadtmitte,8006699,Stuttgart Feuersee,Baden-Württemberg,Stuttgart,70176,9.165850846,48.7726173,3,2605271440,,2605271441,,h,1,Störung,,,,,,,4.0,5.0
-2716364704866871625-2605271410-12,28403,2605271441,2605271441,1,,S,S4,Marbach(Neckar)|Benningen(Neckar)|Freiberg(Neckar)|Favoritepark|Ludwigsburg|Kornwestheim Pbf|Stuttgart-Zuffenhausen|Stuttgart-Feuerbach|Stuttgart Nordbahnhof|Stuttgart Hbf (tief)|Stuttgart Stadtmitte,8006699,Stuttgart Feuersee,Baden-Württemberg,Stuttgart,70176,9.165850846,48.7726173,3,2605271444,,2605271445,,h,1,Störung,,,,,,,3.0,4.0
5941834571298649161-2605271320-17,7137,2605271408,2605271409,1,,S,S1,Kirchheim(Teck)|Kirchheim(Teck)-Ötlingen|Wendlingen(Neckar)|Wernau(Neckar)|Plochingen|Altbach|Esslingen-Zell|Oberesslingen|Esslingen(Neckar)|Esslingen-Mettingen|Stuttgart-Obertürkheim|Stuttgart-Untertürkheim|Stuttgart Neckarpark|Stuttgart-Bad Cannstatt|Stuttgart Hbf (tief)|Stuttgart Stadtmitte,8006699,Stuttgart Feuersee,Baden-Württemberg,Stuttgart,70176,9.165850846,48.7726173,3,2605271428,,2605271428,,h,1,Störung,,,,,c,c,20.0,19.0
4534703989086356326-2605271341-14,7337,2605271418,2605271419,1,,S,S3,Backnang|Maubach|Nellmersbach|Winnenden|Schwaikheim|Neustadt-Hohenacker|Waiblingen|Fellbach|Stuttgart-Sommerrain|Stuttgart Nürnberger Str.|Stuttgart-Bad Cannstatt|Stuttgart Hbf (tief)|Stuttgart Stadtmitte,8006699,Stuttgart Feuersee,Baden-Württemberg,Stuttgart,70176,9.165850846,48.7726173,3,2605271442,,2605271443,,h,1,Störung,,,,,,,24.0,24.0
-5789469067235984637-2605271430-5,7338,2605271441,2605271442,2,,S,S3,Stuttgart-Vaihingen|Stuttgart-Österfeld|Stuttgart Universität|Stuttgart Schwabstr.,8006699,Stuttgart Feuersee,Baden-Württemberg,Stuttgart,70176,9.165850846,48.7726173,3,2605271444,,2605271444,,h,1,Störung,,,,,,,3.0,2.0
-6549272114727686147-2605271403-16,7439,2605271456,2605271456,1,,S,S4,Backnang|Burgstall(Murr)|Kirchberg(Murr)|Erdmannhausen|Marbach(Neckar)|Benningen(Neckar)|Freiberg(Neckar)|Favoritepark|Ludwigsburg|Kornwestheim Pbf|Stuttgart-Zuffenhausen|Stuttgart-Feuerbach|Stuttgart Nordbahnhof|Stuttgart Hbf (tief)|Stuttgart Stadtmitte,8006699,Stuttgart Feuersee,Baden-Württemberg,Stuttgart,70176,9.165850846,48.7726173,3,2605271510,,2605271510,,h,1,Störung,,,,,c,c,14.0,14.0
7622464283457575985-2605271445-5,28336,2605271456,2605271457,2,,S,S3,Stuttgart-Vaihingen|Stuttgart-Österfeld|Stuttgart Universität|Stuttgart Schwabstr.,8006699,Stuttgart Feuersee,Baden-Württemberg,Stuttgart,70176,9.165850846,48.7726173,3,2605271457,,2605271458,,h,1,Störung,,,,,,,1.0,1.0
-5316665284018315725-2605271412-2,7636,2605271414,2605271414,2,,S,S6,Stuttgart Schwabstr.,8006699,Stuttgart Feuersee,Baden-Württemberg,Stuttgart,70176,9.165850846,48.7726173,3,2605271414,,2605271414,,h,1,Störung,,,,,,,0.0,0.0
-8943419019566147367-2605271452-2,7540,2605271454,2605271454,2,,S,S5,Stuttgart Schwabstr.,8006699,Stuttgart Feuersee,Baden-Württemberg,Stuttgart,70176,9.165850846,48.7726173,3,2605271455,,2605271456,,h,1,Störung,,,,,,,1.0,2.0
6483046306664196939-2605271437-2,28474,2605271439,2605271439,2,,S,S5,Stuttgart Schwabstr.,8006699,Stuttgart Feuersee,Baden-Württemberg,Stuttgart,70176,9.165850846,48.7726173,3,2605271439,,2605271439,,h,1,Störung,,,,,c,c,0.0,0.0
-6501025132250133137-2605271432-2,7436,2605271434,2605271434,2,,S,S4,Stuttgart Schwabstr.,8006699,Stuttgart Feuersee,Baden-Württemberg,Stuttgart,70176,9.165850846,48.7726173,3,2605271434,,2605271434,,h,1,Störung,,,,,c,c,0.0,0.0
-2744660321086161380-2605271422-11,28475,2605271451,2605271451,1,,S,S5,Bietigheim-Bissingen|Tamm(Württ)|Asperg|Ludwigsburg|Kornwestheim Pbf|Stuttgart-Zuffenhausen|Stuttgart-Feuerbach|Stuttgart Nordbahnhof|Stuttgart Hbf (tief)|Stuttgart Stadtmitte,8006699,Stuttgart Feuersee,Baden-Württemberg,Stuttgart,70176,9.165850846,48.7726173,3,2605271457,,2605271457,,h,1,Störung,,,,,,,6.0,6.0
4368264823792479342-2605271416-13,7140,2605271451,2605271452,2,,S,S1,Herrenberg|Nufringen|Gärtringen|Ehningen(b Böblingen)|Hulb|Böblingen|Goldberg(Württ)|Stuttgart-Rohr|Stuttgart-Vaihingen|Stuttgart-Österfeld|Stuttgart Universität|Stuttgart Schwabstr.,8006699,Stuttgart Feuersee,Baden-Württemberg,Stuttgart,70176,9.165850846,48.7726173,3,2605271453,,2605271453,,h,1,Störung,,,,,,,2.0,1.0
-6618548157105238962-2605271333-16,7637,2605271416,2605271416,1,,S,S6,Weil der Stadt|Malmsheim|Renningen|Rutesheim|Leonberg|Höfingen|Ditzingen|Weilimdorf|Korntal|Neuwirtshaus(Porscheplatz)|Stuttgart-Zuffenhausen|Stuttgart-Feuerbach|Stuttgart Nordbahnhof|Stuttgart Hbf (tief)|Stuttgart Stadtmitte,8006699,Stuttgart Feuersee,Baden-Württemberg,Stuttgart,70176,9.165850846,48.7726173,3,2605271416,,2605271417,,h,1,Störung,,,,,c,c,0.0,1.0
988265121258628834-2605271403-17,7835,2605271443,2605271444,1,,S,S2,Schorndorf|Weiler(Rems)|Winterbach(b Schorndorf)|Geradstetten|Grunbach|Beutelsbach|Endersbach|Stetten-Beinstein|Rommelshausen|Waiblingen|Fellbach|Stuttgart-Sommerrain|Stuttgart Nürnberger Str.|Stuttgart-Bad Cannstatt|Stuttgart Hbf (tief)|Stuttgart Stadtmitte,8006699,Stuttgart Feuersee,Baden-Württemberg,Stuttgart,70176,9.165850846,48.7726173,3,2605271455,,2605271455,,h,1,Störung,,,,,,,12.0,11.0
1310498941862652561-2605271402-2,7434,2605271404,2605271404,2,,S,S4,Stuttgart Schwabstr.,8006699,Stuttgart Feuersee,Baden-Württemberg,Stuttgart,70176,9.165850846,48.7726173,3,2605271405,,2605271405,,h,1,Störung,,,,,,,1.0,1.0
-3527222447454651750-2605271326-14,28331,2605271403,2605271404,1,,S,S3,Backnang|Maubach|Nellmersbach|Winnenden|Schwaikheim|Neustadt-Hohenacker|Waiblingen|Fellbach|Stuttgart-Sommerrain|Stuttgart Nürnberger Str.|Stuttgart-Bad Cannstatt|Stuttgart Hbf (tief)|Stuttgart Stadtmitte,8006699,Stuttgart Feuersee,Baden-Württemberg,Stuttgart,70176,9.165850846,48.7726173,3,2605271422,,2605271423,,h,1,Störung,,,,,,,19.0,19.0
3573720910347828828-2605271415-5,28334,2605271426,2605271427,2,,S,S3,Stuttgart-Vaihingen|Stuttgart-Österfeld|Stuttgart Universität|Stuttgart Schwabstr.,8006699,Stuttgart Feuersee,Baden-Württemberg,Stuttgart,70176,9.165850846,48.7726173,3,2605271428,,2605271429,,h,1,Störung,,,,,,,2.0,2.0
-2205886530121673447-2605271337-11,7537,2605271406,2605271406,1,,S,S5,Bietigheim-Bissingen|Tamm(Württ)|Asperg|Ludwigsburg|Kornwestheim Pbf|Stuttgart-Zuffenhausen|Stuttgart-Feuerbach|Stuttgart Nordbahnhof|Stuttgart Hbf (tief)|Stuttgart Stadtmitte,8006699,Stuttgart Feuersee,Baden-Württemberg,Stuttgart,70176,9.165850846,48.7726173,3,2605271424,,2605271424,,h,1,Störung,,,,,,,18.0,18.0
-7476481686954670934-2605271403-11,7236,2605271431,2605271432,2,,S,S2,Filderstadt|Stuttgart Flughafen/Messe|Echterdingen|Leinfelden|Oberaichen|Stuttgart-Rohr|Stuttgart-Vaihingen|Stuttgart-Österfeld|Stuttgart Universität|Stuttgart Schwabstr.,8006699,Stuttgart Feuersee,Baden-Württemberg,Stuttgart,70176,9.165850846,48.7726173,3,2605271436,,2605271437,,h,1,Störung,,,,,,,5.0,5.0
-5265875940213227637-2605271352-11,28473,2605271421,2605271421,1,,S,S5,Bietigheim-Bissingen|Tamm(Württ)|Asperg|Ludwigsburg|Kornwestheim Pbf|Stuttgart-Zuffenhausen|Stuttgart-Feuerbach|Stuttgart Nordbahnhof|Stuttgart Hbf (tief)|Stuttgart Stadtmitte,8006699,Stuttgart Feuersee,Baden-Württemberg,Stuttgart,70176,9.165850846,48.7726173,3,2605271422,,2605271423,,h,1,Störung,,,,,c,c,1.0,2.0
-1448566218874371491-2605271401-13,7736,2605271436,2605271437,2,,S,S1,Herrenberg|Nufringen|Gärtringen|Ehningen(b Böblingen)|Hulb|Böblingen|Goldberg(Württ)|Stuttgart-Rohr|Stuttgart-Vaihingen|Stuttgart-Österfeld|Stuttgart Universität|Stuttgart Schwabstr.,8006699,Stuttgart Feuersee,Baden-Württemberg,Stuttgart,70176,9.165850846,48.7726173,3,2605271441,,2605271441,,h,1,Störung,,,,,,,5.0,4.0
3618335699656372385-2605271333-16,7437,2605271426,2605271426,1,,S,S4,Backnang|Burgstall(Murr)|Kirchberg(Murr)|Erdmannhausen|Marbach(Neckar)|Benningen(Neckar)|Freiberg(Neckar)|Favoritepark|Ludwigsburg|Kornwestheim Pbf|Stuttgart-Zuffenhausen|Stuttgart-Feuerbach|Stuttgart Nordbahnhof|Stuttgart Hbf (tief)|Stuttgart Stadtmitte,8006699,Stuttgart Feuersee,Baden-Württemberg,Stuttgart,70176,9.165850846,48.7726173,3,2605271428,,2605271429,,h,1,Störung,,,,,c,c,2.0,3.0
-5854173668816466816-2605271447-2,28408,2605271449,2605271449,2,,S,S4,Stuttgart Schwabstr.,8006699,Stuttgart Feuersee,Baden-Württemberg,Stuttgart,70176,9.165850846,48.7726173,3,2605271450,,2605271450,,h,1,Störung,,,,,,,1.0,1.0
-1936486939046904827-2605271331-13,7734,2605271406,2605271407,2,,S,S1,Herrenberg|Nufringen|Gärtringen|Ehningen(b Böblingen)|Hulb|Böblingen|Goldberg(Württ)|Stuttgart-Rohr|Stuttgart-Vaihingen|Stuttgart-Österfeld|Stuttgart Universität|Stuttgart Schwabstr.,8006699,Stuttgart Feuersee,Baden-Württemberg,Stuttgart,70176,9.165850846,48.7726173,3,2605271424,,2605271425,,h,1,Störung,,,,,p,p,18.0,18.0
-3722178580889207774-2605271422-13,7741,2605271453,2605271454,1,,S,S1,Plochingen|Altbach|Esslingen-Zell|Oberesslingen|Esslingen(Neckar)|Esslingen-Mettingen|Stuttgart-Obertürkheim|Stuttgart-Untertürkheim|Stuttgart Neckarpark|Stuttgart-Bad Cannstatt|Stuttgart Hbf (tief)|Stuttgart Stadtmitte,8006699,Stuttgart Feuersee,Baden-Württemberg,Stuttgart,70176,9.165850846,48.7726173,3,2605271459,,2605271459,,h,1,Störung,,,,,,,6.0,5.0
-2645153808296859604-2605271403-16,7639,2605271446,2605271446,1,,S,S6,Weil der Stadt|Malmsheim|Renningen|Rutesheim|Leonberg|Höfingen|Ditzingen|Weilimdorf|Korntal|Neuwirtshaus(Porscheplatz)|Stuttgart-Zuffenhausen|Stuttgart-Feuerbach|Stuttgart Nordbahnhof|Stuttgart Hbf (tief)|Stuttgart Stadtmitte,8006699,Stuttgart Feuersee,Baden-Württemberg,Stuttgart,70176,9.165850846,48.7726173,3,2605271453,,2605271454,,h,1,Störung,,,,,c,c,7.0,8.0
5479979498154291155-2605271422-2,7538,2605271424,2605271424,2,,S,S5,Stuttgart Schwabstr.,8006699,Stuttgart Feuersee,Baden-Württemberg,Stuttgart,70176,9.165850846,48.7726173,3,2605271424,,2605271424,,h,1,Störung,,,,,c,c,0.0,0.0
5781587679873257611-2605271333-17,7833,2605271413,2605271414,1,,S,S2,Schorndorf|Weiler(Rems)|Winterbach(b Schorndorf)|Geradstetten|Grunbach|Beutelsbach|Endersbach|Stetten-Beinstein|Rommelshausen|Waiblingen|Fellbach|Stuttgart-Sommerrain|Stuttgart Nürnberger Str.|Stuttgart-Bad Cannstatt|Stuttgart Hbf (tief)|Stuttgart Stadtmitte,8006699,Stuttgart Feuersee,Baden-Württemberg,Stuttgart,70176,9.165850846,48.7726173,3,2605271442,,2605271443,,h,1,Störung,,,,,c,c,29.0,29.0
-5544791981213765004-2605271442-2,7638,2605271444,2605271444,2,,S,S6,Stuttgart Schwabstr.,8006699,Stuttgart Feuersee,Baden-Württemberg,Stuttgart,70176,9.165850846,48.7726173,3,,,,,h,1,Störung,,,,,c,c,0.0,0.0
7004552740739658779-2605271350-17,7139,2605271438,2605271439,1,,S,S1,Kirchheim(Teck)|Kirchheim(Teck)-Ötlingen|Wendlingen(Neckar)|Wernau(Neckar)|Plochingen|Altbach|Esslingen-Zell|Oberesslingen|Esslingen(Neckar)|Esslingen-Mettingen|Stuttgart-Obertürkheim|Stuttgart-Untertürkheim|Stuttgart Neckarpark|Stuttgart-Bad Cannstatt|Stuttgart Hbf (tief)|Stuttgart Stadtmitte,8006699,Stuttgart Feuersee,Baden-Württemberg,Stuttgart,70176,9.165850846,48.7726173,3,2605271447,,2605271447,,h,1,Störung,,,,,,,9.0,8.0
-41822505101306185-2605271400-5,7336,2605271411,2605271412,2,,S,S3,Stuttgart-Vaihingen|Stuttgart-Österfeld|Stuttgart Universität|Stuttgart Schwabstr.,8006699,Stuttgart Feuersee,Baden-Württemberg,Stuttgart,70176,9.165850846,48.7726173,3,2605271411,,2605271412,,h,1,Störung,,,,,,,0.0,0.0
5825878238612075562-2605271407-2,28472,2605271409,2605271409,2,,S,S5,Stuttgart Schwabstr.,8006699,Stuttgart Feuersee,Baden-Württemberg,Stuttgart,70176,9.165850846,48.7726173,3,2605271409,,2605271409,,h,1,Störung,,,,,,,0.0,0.0
6860077973327279202-2605271316-19,7136,2605271407,2605271407,6,,S,S1,Herrenberg|Nufringen|Gärtringen|Ehningen(b Böblingen)|Hulb|Böblingen|Goldberg(Württ)|Stuttgart-Rohr|Stuttgart-Vaihingen|Stuttgart-Österfeld|Stuttgart Universität|Stuttgart Schwabstr.|Stuttgart Feuersee|Stuttgart Stadtmitte|Stuttgart Hbf (tief)|Stuttgart-Bad Cannstatt|Stuttgart Neckarpark|Stuttgart-Untertürkheim,8005772,Stuttgart-Obertürkheim,Baden-Württemberg,Stuttgart,70329,9.268167932,48.76175015,4,2605271409,,2605271409,,,,,,,,,,,2.0,2.0
-1478657606619347355-2605271352-7,7739,2605271407,2605271407,5,,S,S1,Plochingen|Altbach|Esslingen-Zell|Oberesslingen|Esslingen(Neckar)|Esslingen-Mettingen,8005772,Stuttgart-Obertürkheim,Baden-Württemberg,Stuttgart,70329,9.268167932,48.76175015,4,2605271408,,2605271408,,h,1,Störung,,,,,,,1.0,1.0
6042905361873535715-2605271346-19,7138,2605271437,2605271437,6,,S,S1,Herrenberg|Nufringen|Gärtringen|Ehningen(b Böblingen)|Hulb|Böblingen|Goldberg(Württ)|Stuttgart-Rohr|Stuttgart-Vaihingen|Stuttgart-Österfeld|Stuttgart Universität|Stuttgart Schwabstr.|Stuttgart Feuersee|Stuttgart Stadtmitte|Stuttgart Hbf (tief)|Stuttgart-Bad Cannstatt|Stuttgart Neckarpark|Stuttgart-Untertürkheim,8005772,Stuttgart-Obertürkheim,Baden-Württemberg,Stuttgart,70329,9.268167932,48.76175015,4,2605271449,,2605271449,,h,1,Störung,,,,,,,12.0,12.0
-1448566218874371491-2605271401-19,7736,2605271452,2605271452,6,,S,S1,Herrenberg|Nufringen|Gärtringen|Ehningen(b Böblingen)|Hulb|Böblingen|Goldberg(Württ)|Stuttgart-Rohr|Stuttgart-Vaihingen|Stuttgart-Österfeld|Stuttgart Universität|Stuttgart Schwabstr.|Stuttgart Feuersee|Stuttgart Stadtmitte|Stuttgart Hbf (tief)|Stuttgart-Bad Cannstatt|Stuttgart Neckarpark|Stuttgart-Untertürkheim,8005772,Stuttgart-Obertürkheim,Baden-Württemberg,Stuttgart,70329,9.268167932,48.76175015,4,2605271456,,2605271456,,h,1,Störung,,,,,,,4.0,4.0
-1936486939046904827-2605271331-19,7734,2605271422,2605271422,6,,S,S1,Herrenberg|Nufringen|Gärtringen|Ehningen(b Böblingen)|Hulb|Böblingen|Goldberg(Württ)|Stuttgart-Rohr|Stuttgart-Vaihingen|Stuttgart-Österfeld|Stuttgart Universität|Stuttgart Schwabstr.|Stuttgart Feuersee|Stuttgart Stadtmitte|Stuttgart Hbf (tief)|Stuttgart-Bad Cannstatt|Stuttgart Neckarpark|Stuttgart-Untertürkheim,8005772,Stuttgart-Obertürkheim,Baden-Württemberg,Stuttgart,70329,9.268167932,48.76175015,4,2605271443,,2605271444,,h,1,Störung,,,,,p,p,21.0,22.0
-3722178580889207774-2605271422-7,7741,2605271437,2605271437,5,,S,S1,Plochingen|Altbach|Esslingen-Zell|Oberesslingen|Esslingen(Neckar)|Esslingen-Mettingen,8005772,Stuttgart-Obertürkheim,Baden-Württemberg,Stuttgart,70329,9.268167932,48.76175015,4,2605271438,,2605271438,,h,1,Störung,,,,,,,1.0,1.0
7236638317671658556-2605271420-11,7141,2605271452,2605271452,5,,S,S1,Kirchheim(Teck)|Kirchheim(Teck)-Ötlingen|Wendlingen(Neckar)|Wernau(Neckar)|Plochingen|Altbach|Esslingen-Zell|Oberesslingen|Esslingen(Neckar)|Esslingen-Mettingen,8005772,Stuttgart-Obertürkheim,Baden-Württemberg,Stuttgart,70329,9.268167932,48.76175015,4,2605271452,,2605271452,,h,1,Störung,,,,,,,0.0,0.0
7004552740739658779-2605271350-11,7139,2605271422,2605271422,5,,S,S1,Kirchheim(Teck)|Kirchheim(Teck)-Ötlingen|Wendlingen(Neckar)|Wernau(Neckar)|Plochingen|Altbach|Esslingen-Zell|Oberesslingen|Esslingen(Neckar)|Esslingen-Mettingen,8005772,Stuttgart-Obertürkheim,Baden-Württemberg,Stuttgart,70329,9.268167932,48.76175015,4,2605271424,,2605271426,,h,1,Störung,,,,,,,2.0,4.0
-973893879459034223-2605271418-6,7838,2605271432,2605271433,3,,S,S2,Filderstadt|Stuttgart Flughafen/Messe|Echterdingen|Leinfelden|Oberaichen,8005773,Stuttgart-Rohr,Baden-Württemberg,Stuttgart,70565,9.108158025,48.71799427,4,2605271432,,2605271435,,h,1,Störung,,,,,,,0.0,2.0
-5065266161330824658-2605271348-6,7836,2605271402,2605271403,3,,S,S2,Filderstadt|Stuttgart Flughafen/Messe|Echterdingen|Leinfelden|Oberaichen,8005773,Stuttgart-Rohr,Baden-Württemberg,Stuttgart,70565,9.108158025,48.71799427,4,2605271403,,2605271403,,h,1,Störung,,,,,,,1.0,0.0
1483937347162480380-2605271431-8,7738,2605271452,2605271453,3,,S,S1,Herrenberg|Nufringen|Gärtringen|Ehningen(b Böblingen)|Hulb|Böblingen|Goldberg(Württ),8005773,Stuttgart-Rohr,Baden-Württemberg,Stuttgart,70565,9.108158025,48.71799427,4,2605271455,2,2605271455,2,h,1,Störung,,,,,,,3.0,2.0
-1478657606619347355-2605271352-18,7739,2605271436,2605271437,2,,S,S1,Plochingen|Altbach|Esslingen-Zell|Oberesslingen|Esslingen(Neckar)|Esslingen-Mettingen|Stuttgart-Obertürkheim|Stuttgart-Untertürkheim|Stuttgart Neckarpark|Stuttgart-Bad Cannstatt|Stuttgart Hbf (tief)|Stuttgart Stadtmitte|Stuttgart Feuersee|Stuttgart Schwabstr.|Stuttgart Universität|Stuttgart-Österfeld|Stuttgart-Vaihingen,8005773,Stuttgart-Rohr,Baden-Württemberg,Stuttgart,70565,9.108158025,48.71799427,4,2605271450,,2605271451,,h,1,Störung,,,,,,,14.0,14.0
6042905361873535715-2605271346-8,7138,2605271407,2605271408,3,,S,S1,Herrenberg|Nufringen|Gärtringen|Ehningen(b Böblingen)|Hulb|Böblingen|Goldberg(Württ),8005773,Stuttgart-Rohr,Baden-Württemberg,Stuttgart,70565,9.108158025,48.71799427,4,2605271415,,2605271416,,h,1,Störung,,,,,,,8.0,8.0
-8059892926335795903-2605271348-22,7239,2605271441,2605271442,2,,S,S2,Schorndorf|Weiler(Rems)|Winterbach(b Schorndorf)|Geradstetten|Grunbach|Beutelsbach|Endersbach|Stetten-Beinstein|Rommelshausen|Waiblingen|Fellbach|Stuttgart-Sommerrain|Stuttgart Nürnberger Str.|Stuttgart-Bad Cannstatt|Stuttgart Hbf (tief)|Stuttgart Stadtmitte|Stuttgart Feuersee|Stuttgart Schwabstr.|Stuttgart Universität|Stuttgart-Österfeld|Stuttgart-Vaihingen,8005773,Stuttgart-Rohr,Baden-Württemberg,Stuttgart,70565,9.108158025,48.71799427,4,2605271507,,2605271508,,h,1,Störung,,,,,,,26.0,26.0
6223730688488220237-2605271318-22,7237,2605271411,2605271412,2,,S,S2,Schorndorf|Weiler(Rems)|Winterbach(b Schorndorf)|Geradstetten|Grunbach|Beutelsbach|Endersbach|Stetten-Beinstein|Rommelshausen|Waiblingen|Fellbach|Stuttgart-Sommerrain|Stuttgart Nürnberger Str.|Stuttgart-Bad Cannstatt|Stuttgart Hbf (tief)|Stuttgart Stadtmitte|Stuttgart Feuersee|Stuttgart Schwabstr.|Stuttgart Universität|Stuttgart-Österfeld|Stuttgart-Vaihingen,8005773,Stuttgart-Rohr,Baden-Württemberg,Stuttgart,70565,9.108158025,48.71799427,4,2605271440,,2605271441,,h,1,Störung,,,,,c,c,29.0,29.0
5941834571298649161-2605271320-22,7137,2605271421,2605271422,2,,S,S1,Kirchheim(Teck)|Kirchheim(Teck)-Ötlingen|Wendlingen(Neckar)|Wernau(Neckar)|Plochingen|Altbach|Esslingen-Zell|Oberesslingen|Esslingen(Neckar)|Esslingen-Mettingen|Stuttgart-Obertürkheim|Stuttgart-Untertürkheim|Stuttgart Neckarpark|Stuttgart-Bad Cannstatt|Stuttgart Hbf (tief)|Stuttgart Stadtmitte|Stuttgart Feuersee|Stuttgart Schwabstr.|Stuttgart Universität|Stuttgart-Österfeld|Stuttgart-Vaihingen,8005773,Stuttgart-Rohr,Baden-Württemberg,Stuttgart,70565,9.108158025,48.71799427,4,2605271458,,2605271458,,h,1,Störung,,,Kirchheim(Teck)|Kirchheim(Teck)-Ötlingen|Wendlingen(Neckar)|Wernau(Neckar)|Plochingen|Altbach|Esslingen-Zell|Oberesslingen|Esslingen(Neckar)|Esslingen-Mettingen|Stuttgart-Obertürkheim|Stuttgart-Untertürkheim|Stuttgart Neckarpark|Stuttgart-Bad Cannstatt|Stuttgart Hbf (tief)|Stuttgart Stadtmitte|Stuttgart Feuersee|Stuttgart Schwabstr.|Stuttgart Universität|Stuttgart-Österfeld|Stuttgart-Vaihingen,Goldberg(Württ)|Böblingen|Hulb|Ehningen(b Böblingen)|Gärtringen|Nufringen|Herrenberg,,,37.0,36.0
4368264823792479342-2605271416-8,7140,2605271437,2605271438,3,,S,S1,Herrenberg|Nufringen|Gärtringen|Ehningen(b Böblingen)|Hulb|Böblingen|Goldberg(Württ),8005773,Stuttgart-Rohr,Baden-Württemberg,Stuttgart,70565,9.108158025,48.71799427,4,2605271440,2,2605271440,2,h,1,Störung,,,,,,,3.0,2.0
988265121258628834-2605271403-22,7835,2605271456,2605271457,2,,S,S2,Schorndorf|Weiler(Rems)|Winterbach(b Schorndorf)|Geradstetten|Grunbach|Beutelsbach|Endersbach|Stetten-Beinstein|Rommelshausen|Waiblingen|Fellbach|Stuttgart-Sommerrain|Stuttgart Nürnberger Str.|Stuttgart-Bad Cannstatt|Stuttgart Hbf (tief)|Stuttgart Stadtmitte|Stuttgart Feuersee|Stuttgart Schwabstr.|Stuttgart Universität|Stuttgart-Österfeld|Stuttgart-Vaihingen,8005773,Stuttgart-Rohr,Baden-Württemberg,Stuttgart,70565,9.108158025,48.71799427,4,2605271515,,2605271516,,h,1,Störung,,,,,,,19.0,19.0
-7476481686954670934-2605271403-6,7236,2605271417,2605271418,3,,S,S2,Filderstadt|Stuttgart Flughafen/Messe|Echterdingen|Leinfelden|Oberaichen,8005773,Stuttgart-Rohr,Baden-Württemberg,Stuttgart,70565,9.108158025,48.71799427,4,2605271418,,2605271419,,h,1,Störung,,,,,,,1.0,1.0
6975060148484130926-2605271322-18,7737,2605271406,2605271407,2,,S,S1,Plochingen|Altbach|Esslingen-Zell|Oberesslingen|Esslingen(Neckar)|Esslingen-Mettingen|Stuttgart-Obertürkheim|Stuttgart-Untertürkheim|Stuttgart Neckarpark|Stuttgart-Bad Cannstatt|Stuttgart Hbf (tief)|Stuttgart Stadtmitte|Stuttgart Feuersee|Stuttgart Schwabstr.|Stuttgart Universität|Stuttgart-Österfeld|Stuttgart-Vaihingen,8005773,Stuttgart-Rohr,Baden-Württemberg,Stuttgart,70565,9.108158025,48.71799427,4,2605271407,,2605271408,,h,1,Störung,,,,,,,1.0,1.0
-1448566218874371491-2605271401-8,7736,2605271422,2605271423,3,,S,S1,Herrenberg|Nufringen|Gärtringen|Ehningen(b Böblingen)|Hulb|Böblingen|Goldberg(Württ),8005773,Stuttgart-Rohr,Baden-Württemberg,Stuttgart,70565,9.108158025,48.71799427,4,2605271423,,2605271424,,h,1,Störung,,,,,,,1.0,1.0
5781587679873257611-2605271333-22,7833,2605271426,2605271427,2,,S,S2,Schorndorf|Weiler(Rems)|Winterbach(b Schorndorf)|Geradstetten|Grunbach|Beutelsbach|Endersbach|Stetten-Beinstein|Rommelshausen|Waiblingen|Fellbach|Stuttgart-Sommerrain|Stuttgart Nürnberger Str.|Stuttgart-Bad Cannstatt|Stuttgart Hbf (tief)|Stuttgart Stadtmitte|Stuttgart Feuersee|Stuttgart Schwabstr.|Stuttgart Universität|Stuttgart-Österfeld|Stuttgart-Vaihingen,8005773,Stuttgart-Rohr,Baden-Württemberg,Stuttgart,70565,9.108158025,48.71799427,4,2605271455,,2605271456,,h,1,Störung,,,,,c,c,29.0,29.0
-6660169013356802205-2605271433-6,7238,2605271447,2605271448,3,,S,S2,Filderstadt|Stuttgart Flughafen/Messe|Echterdingen|Leinfelden|Oberaichen,8005773,Stuttgart-Rohr,Baden-Württemberg,Stuttgart,70565,9.108158025,48.71799427,4,2605271447,,2605271448,,h,1,Störung,,,,,,,0.0,0.0
7004552740739658779-2605271350-22,7139,2605271451,2605271452,2,,S,S1,Kirchheim(Teck)|Kirchheim(Teck)-Ötlingen|Wendlingen(Neckar)|Wernau(Neckar)|Plochingen|Altbach|Esslingen-Zell|Oberesslingen|Esslingen(Neckar)|Esslingen-Mettingen|Stuttgart-Obertürkheim|Stuttgart-Untertürkheim|Stuttgart Neckarpark|Stuttgart-Bad Cannstatt|Stuttgart Hbf (tief)|Stuttgart Stadtmitte|Stuttgart Feuersee|Stuttgart Schwabstr.|Stuttgart Universität|Stuttgart-Österfeld|Stuttgart-Vaihingen,8005773,Stuttgart-Rohr,Baden-Württemberg,Stuttgart,70565,9.108158025,48.71799427,4,2605271503,,2605271504,,h,1,Störung,,,,,,,12.0,12.0
-973893879459034223-2605271418-10,7838,2605271445,2605271445,2,,S,S2,Filderstadt|Stuttgart Flughafen/Messe|Echterdingen|Leinfelden|Oberaichen|Stuttgart-Rohr|Stuttgart-Vaihingen|Stuttgart-Österfeld|Stuttgart Universität,8006698,Stuttgart Schwabstraße,Baden-Württemberg,Stuttgart,70197,9.156496717,48.77013954,3,2605271446,,2605271446,,h,1,Störung,,,,,,,1.0,1.0
6554930112927852478-2605271411-15,7339,2605271450,2605271450,1,,S,S3,Backnang|Maubach|Nellmersbach|Winnenden|Schwaikheim|Neustadt-Hohenacker|Waiblingen|Fellbach|Stuttgart-Sommerrain|Stuttgart Nürnberger Str.|Stuttgart-Bad Cannstatt|Stuttgart Hbf (tief)|Stuttgart Stadtmitte|Stuttgart Feuersee,8006698,Stuttgart Schwabstraße,Baden-Württemberg,Stuttgart,70197,9.156496717,48.77013954,3,2605271504,,2605271506,,h,1,Störung,,,,,,,14.0,16.0
7993369286273643102-2605271340-13,28401,2605271413,,1,,S,,Marbach(Neckar)|Benningen(Neckar)|Freiberg(Neckar)|Favoritepark|Ludwigsburg|Kornwestheim Pbf|Stuttgart-Zuffenhausen|Stuttgart-Feuerbach|Stuttgart Nordbahnhof|Stuttgart Hbf (tief)|Stuttgart Stadtmitte|Stuttgart Feuersee,8006698,Stuttgart Schwabstraße,Baden-Württemberg,Stuttgart,70197,9.156496717,48.77013954,3,2605271413,,,,h,1,Störung,,,,,c,,0.0,0.0
-5065266161330824658-2605271348-10,7836,2605271415,2605271415,2,,S,S2,Filderstadt|Stuttgart Flughafen/Messe|Echterdingen|Leinfelden|Oberaichen|Stuttgart-Rohr|Stuttgart-Vaihingen|Stuttgart-Österfeld|Stuttgart Universität,8006698,Stuttgart Schwabstraße,Baden-Württemberg,Stuttgart,70197,9.156496717,48.77013954,3,2605271415,,2605271415,,h,1,Störung,,,,,,,0.0,0.0
-955797221433152779-2605271333-10,7234,2605271400,2605271400,2,,S,S2,Filderstadt|Stuttgart Flughafen/Messe|Echterdingen|Leinfelden|Oberaichen|Stuttgart-Rohr|Stuttgart-Vaihingen|Stuttgart-Österfeld|Stuttgart Universität,8006698,Stuttgart Schwabstraße,Baden-Württemberg,Stuttgart,70197,9.156496717,48.77013954,3,2605271401,,2605271401,,h,1,Störung,,,,,,,1.0,1.0
-1157059812177875045-2605271356-15,28333,2605271435,2605271435,1,,S,S3,Backnang|Maubach|Nellmersbach|Winnenden|Schwaikheim|Neustadt-Hohenacker|Waiblingen|Fellbach|Stuttgart-Sommerrain|Stuttgart Nürnberger Str.|Stuttgart-Bad Cannstatt|Stuttgart Hbf (tief)|Stuttgart Stadtmitte|Stuttgart Feuersee,8006698,Stuttgart Schwabstraße,Baden-Württemberg,Stuttgart,70197,9.156496717,48.77013954,3,2605271454,,2605271455,,h,1,Störung,,,,,,,19.0,20.0
-4819270473812152373-2605271417-1,28406,,2605271417,,,S,S4,,8006698,Stuttgart Schwabstraße,Baden-Württemberg,Stuttgart,70197,9.156496717,48.77013954,3,,,2605271430,,h,1,Störung,,,,,,,0.0,13.0
-1478657606619347355-2605271352-14,7739,2605271425,2605271425,1,,S,S1,Plochingen|Altbach|Esslingen-Zell|Oberesslingen|Esslingen(Neckar)|Esslingen-Mettingen|Stuttgart-Obertürkheim|Stuttgart-Untertürkheim|Stuttgart Neckarpark|Stuttgart-Bad Cannstatt|Stuttgart Hbf (tief)|Stuttgart Stadtmitte|Stuttgart Feuersee,8006698,Stuttgart Schwabstraße,Baden-Württemberg,Stuttgart,70197,9.156496717,48.77013954,3,2605271439,,2605271439,,h,1,Störung,,,,,,,14.0,14.0
6042905361873535715-2605271346-12,7138,2605271420,2605271420,2,,S,S1,Herrenberg|Nufringen|Gärtringen|Ehningen(b Böblingen)|Hulb|Böblingen|Goldberg(Württ)|Stuttgart-Rohr|Stuttgart-Vaihingen|Stuttgart-Österfeld|Stuttgart Universität,8006698,Stuttgart Schwabstraße,Baden-Württemberg,Stuttgart,70197,9.156496717,48.77013954,3,2605271432,,2605271433,,h,1,Störung,,,,,,,12.0,13.0
-8059892926335795903-2605271348-18,7239,2605271430,2605271430,1,,S,S2,Schorndorf|Weiler(Rems)|Winterbach(b Schorndorf)|Geradstetten|Grunbach|Beutelsbach|Endersbach|Stetten-Beinstein|Rommelshausen|Waiblingen|Fellbach|Stuttgart-Sommerrain|Stuttgart Nürnberger Str.|Stuttgart-Bad Cannstatt|Stuttgart Hbf (tief)|Stuttgart Stadtmitte|Stuttgart Feuersee,8006698,Stuttgart Schwabstraße,Baden-Württemberg,Stuttgart,70197,9.156496717,48.77013954,3,2605271451,,2605271452,,h,1,Störung,,,,,,,21.0,22.0
7922855139158603560-2605271407-12,7539,2605271438,,1,,S,,Bietigheim-Bissingen|Tamm(Württ)|Asperg|Ludwigsburg|Kornwestheim Pbf|Stuttgart-Zuffenhausen|Stuttgart-Feuerbach|Stuttgart Nordbahnhof|Stuttgart Hbf (tief)|Stuttgart Stadtmitte|Stuttgart Feuersee,8006698,Stuttgart Schwabstraße,Baden-Württemberg,Stuttgart,70197,9.156496717,48.77013954,3,2605271442,,,,h,1,Störung,,,,,,,4.0,0.0
-2716364704866871625-2605271410-13,28403,2605271443,,1,,S,,Marbach(Neckar)|Benningen(Neckar)|Freiberg(Neckar)|Favoritepark|Ludwigsburg|Kornwestheim Pbf|Stuttgart-Zuffenhausen|Stuttgart-Feuerbach|Stuttgart Nordbahnhof|Stuttgart Hbf (tief)|Stuttgart Stadtmitte|Stuttgart Feuersee,8006698,Stuttgart Schwabstraße,Baden-Württemberg,Stuttgart,70197,9.156496717,48.77013954,3,2605271446,,,,h,1,Störung,,,,,,,3.0,0.0
6223730688488220237-2605271318-18,7237,2605271400,2605271400,1,,S,S2,Schorndorf|Weiler(Rems)|Winterbach(b Schorndorf)|Geradstetten|Grunbach|Beutelsbach|Endersbach|Stetten-Beinstein|Rommelshausen|Waiblingen|Fellbach|Stuttgart-Sommerrain|Stuttgart Nürnberger Str.|Stuttgart-Bad Cannstatt|Stuttgart Hbf (tief)|Stuttgart Stadtmitte|Stuttgart Feuersee,8006698,Stuttgart Schwabstraße,Baden-Württemberg,Stuttgart,70197,9.156496717,48.77013954,3,2605271429,,2605271430,,h,1,Störung,,,Schorndorf|Weiler(Rems)|Winterbach(b Schorndorf)|Geradstetten|Grunbach|Beutelsbach|Endersbach|Stetten-Beinstein|Rommelshausen|Waiblingen|Fellbach|Stuttgart-Sommerrain|Stuttgart Nürnberger Str.|Stuttgart-Bad Cannstatt|Stuttgart Hbf (tief)|Stuttgart Stadtmitte|Stuttgart Feuersee,Stuttgart Universität|Stuttgart-Österfeld|Stuttgart-Vaihingen|Stuttgart-Rohr|Oberaichen|Leinfelden|Echterdingen|Stuttgart Flughafen/Messe|Filderstadt,c,c,29.0,30.0
5941834571298649161-2605271320-18,7137,2605271410,2605271410,1,,S,S1,Kirchheim(Teck)|Kirchheim(Teck)-Ötlingen|Wendlingen(Neckar)|Wernau(Neckar)|Plochingen|Altbach|Esslingen-Zell|Oberesslingen|Esslingen(Neckar)|Esslingen-Mettingen|Stuttgart-Obertürkheim|Stuttgart-Untertürkheim|Stuttgart Neckarpark|Stuttgart-Bad Cannstatt|Stuttgart Hbf (tief)|Stuttgart Stadtmitte|Stuttgart Feuersee,8006698,Stuttgart Schwabstraße,Baden-Württemberg,Stuttgart,70197,9.156496717,48.77013954,3,2605271430,,2605271430,,h,1,Störung,,,,,c,c,20.0,20.0
4534703989086356326-2605271341-15,7337,2605271420,2605271420,1,,S,S3,Backnang|Maubach|Nellmersbach|Winnenden|Schwaikheim|Neustadt-Hohenacker|Waiblingen|Fellbach|Stuttgart-Sommerrain|Stuttgart Nürnberger Str.|Stuttgart-Bad Cannstatt|Stuttgart Hbf (tief)|Stuttgart Stadtmitte|Stuttgart Feuersee,8006698,Stuttgart Schwabstraße,Baden-Württemberg,Stuttgart,70197,9.156496717,48.77013954,3,2605271444,,2605271445,,h,1,Störung,,,,,,,24.0,25.0
-5789469067235984637-2605271430-4,7338,2605271440,2605271440,2,,S,S3,Stuttgart-Vaihingen|Stuttgart-Österfeld|Stuttgart Universität,8006698,Stuttgart Schwabstraße,Baden-Württemberg,Stuttgart,70197,9.156496717,48.77013954,3,2605271442,,2605271443,,h,1,Störung,,,,,,,2.0,3.0
-6549272114727686147-2605271403-17,7439,2605271458,,1,,S,,Backnang|Burgstall(Murr)|Kirchberg(Murr)|Erdmannhausen|Marbach(Neckar)|Benningen(Neckar)|Freiberg(Neckar)|Favoritepark|Ludwigsburg|Kornwestheim Pbf|Stuttgart-Zuffenhausen|Stuttgart-Feuerbach|Stuttgart Nordbahnhof|Stuttgart Hbf (tief)|Stuttgart Stadtmitte|Stuttgart Feuersee,8006698,Stuttgart Schwabstraße,Baden-Württemberg,Stuttgart,70197,9.156496717,48.77013954,3,2605271512,,,,h,1,Störung,,,,,c,,14.0,0.0
7622464283457575985-2605271445-4,28336,2605271455,2605271455,2,,S,S3,Stuttgart-Vaihingen|Stuttgart-Österfeld|Stuttgart Universität,8006698,Stuttgart Schwabstraße,Baden-Württemberg,Stuttgart,70197,9.156496717,48.77013954,3,2605271456,,2605271456,,h,1,Störung,,,,,,,1.0,1.0
-5316665284018315725-2605271412-1,7636,,2605271412,,,S,S6,,8006698,Stuttgart Schwabstraße,Baden-Württemberg,Stuttgart,70197,9.156496717,48.77013954,3,,,2605271413,,h,1,Störung,,,,,,,0.0,1.0
-8943419019566147367-2605271452-1,7540,,2605271452,,,S,S5,,8006698,Stuttgart Schwabstraße,Baden-Württemberg,Stuttgart,70197,9.156496717,48.77013954,3,,,2605271454,,h,1,Störung,,,,,,,0.0,2.0
6483046306664196939-2605271437-1,28474,,2605271437,,,S,S5,,8006698,Stuttgart Schwabstraße,Baden-Württemberg,Stuttgart,70197,9.156496717,48.77013954,3,,,2605271438,,h,1,Störung,,,,,,c,0.0,1.0
-6501025132250133137-2605271432-1,7436,,2605271432,,,S,S4,,8006698,Stuttgart Schwabstraße,Baden-Württemberg,Stuttgart,70197,9.156496717,48.77013954,3,,,2605271433,,h,1,Störung,,,,,,c,0.0,1.0
-2744660321086161380-2605271422-12,28475,2605271453,,1,,S,,Bietigheim-Bissingen|Tamm(Württ)|Asperg|Ludwigsburg|Kornwestheim Pbf|Stuttgart-Zuffenhausen|Stuttgart-Feuerbach|Stuttgart Nordbahnhof|Stuttgart Hbf (tief)|Stuttgart Stadtmitte|Stuttgart Feuersee,8006698,Stuttgart Schwabstraße,Baden-Württemberg,Stuttgart,70197,9.156496717,48.77013954,3,2605271459,,,,h,1,Störung,,,,,,,6.0,0.0
4368264823792479342-2605271416-12,7140,2605271450,2605271450,2,,S,S1,Herrenberg|Nufringen|Gärtringen|Ehningen(b Böblingen)|Hulb|Böblingen|Goldberg(Württ)|Stuttgart-Rohr|Stuttgart-Vaihingen|Stuttgart-Österfeld|Stuttgart Universität,8006698,Stuttgart Schwabstraße,Baden-Württemberg,Stuttgart,70197,9.156496717,48.77013954,3,2605271451,,2605271452,,h,1,Störung,,,,,,,1.0,2.0
-6618548157105238962-2605271333-17,7637,2605271418,,1,,S,,Weil der Stadt|Malmsheim|Renningen|Rutesheim|Leonberg|Höfingen|Ditzingen|Weilimdorf|Korntal|Neuwirtshaus(Porscheplatz)|Stuttgart-Zuffenhausen|Stuttgart-Feuerbach|Stuttgart Nordbahnhof|Stuttgart Hbf (tief)|Stuttgart Stadtmitte|Stuttgart Feuersee,8006698,Stuttgart Schwabstraße,Baden-Württemberg,Stuttgart,70197,9.156496717,48.77013954,3,2605271418,,,,h,1,Störung,,,,,c,,0.0,0.0
988265121258628834-2605271403-18,7835,2605271445,2605271445,1,,S,S2,Schorndorf|Weiler(Rems)|Winterbach(b Schorndorf)|Geradstetten|Grunbach|Beutelsbach|Endersbach|Stetten-Beinstein|Rommelshausen|Waiblingen|Fellbach|Stuttgart-Sommerrain|Stuttgart Nürnberger Str.|Stuttgart-Bad Cannstatt|Stuttgart Hbf (tief)|Stuttgart Stadtmitte|Stuttgart Feuersee,8006698,Stuttgart Schwabstraße,Baden-Württemberg,Stuttgart,70197,9.156496717,48.77013954,3,2605271457,,2605271458,,h,1,Störung,,,,,,,12.0,13.0
1310498941862652561-2605271402-1,7434,,2605271402,,,S,S4,,8006698,Stuttgart Schwabstraße,Baden-Württemberg,Stuttgart,70197,9.156496717,48.77013954,3,,,2605271404,,h,1,Störung,,,,,,,0.0,2.0
-3527222447454651750-2605271326-15,28331,2605271405,2605271405,1,,S,S3,Backnang|Maubach|Nellmersbach|Winnenden|Schwaikheim|Neustadt-Hohenacker|Waiblingen|Fellbach|Stuttgart-Sommerrain|Stuttgart Nürnberger Str.|Stuttgart-Bad Cannstatt|Stuttgart Hbf (tief)|Stuttgart Stadtmitte|Stuttgart Feuersee,8006698,Stuttgart Schwabstraße,Baden-Württemberg,Stuttgart,70197,9.156496717,48.77013954,3,2605271424,,2605271424,,h,1,Störung,,,,,,,19.0,19.0
3573720910347828828-2605271415-4,28334,2605271425,2605271425,2,,S,S3,Stuttgart-Vaihingen|Stuttgart-Österfeld|Stuttgart Universität,8006698,Stuttgart Schwabstraße,Baden-Württemberg,Stuttgart,70197,9.156496717,48.77013954,3,2605271426,,2605271427,,h,1,Störung,,,,,,,1.0,2.0
-2205886530121673447-2605271337-12,7537,2605271408,,1,,S,,Bietigheim-Bissingen|Tamm(Württ)|Asperg|Ludwigsburg|Kornwestheim Pbf|Stuttgart-Zuffenhausen|Stuttgart-Feuerbach|Stuttgart Nordbahnhof|Stuttgart Hbf (tief)|Stuttgart Stadtmitte|Stuttgart Feuersee,8006698,Stuttgart Schwabstraße,Baden-Württemberg,Stuttgart,70197,9.156496717,48.77013954,3,2605271426,,,,h,1,Störung,,,,,,,18.0,0.0
-7476481686954670934-2605271403-10,7236,2605271430,2605271430,2,,S,S2,Filderstadt|Stuttgart Flughafen/Messe|Echterdingen|Leinfelden|Oberaichen|Stuttgart-Rohr|Stuttgart-Vaihingen|Stuttgart-Österfeld|Stuttgart Universität,8006698,Stuttgart Schwabstraße,Baden-Württemberg,Stuttgart,70197,9.156496717,48.77013954,3,2605271435,,2605271435,,h,1,Störung,,,,,,,5.0,5.0
-5265875940213227637-2605271352-12,28473,2605271423,,1,,S,,Bietigheim-Bissingen|Tamm(Württ)|Asperg|Ludwigsburg|Kornwestheim Pbf|Stuttgart-Zuffenhausen|Stuttgart-Feuerbach|Stuttgart Nordbahnhof|Stuttgart Hbf (tief)|Stuttgart Stadtmitte|Stuttgart Feuersee,8006698,Stuttgart Schwabstraße,Baden-Württemberg,Stuttgart,70197,9.156496717,48.77013954,3,2605271424,,,,h,1,Störung,,,,,c,,1.0,0.0
-1448566218874371491-2605271401-12,7736,2605271435,2605271435,2,,S,S1,Herrenberg|Nufringen|Gärtringen|Ehningen(b Böblingen)|Hulb|Böblingen|Goldberg(Württ)|Stuttgart-Rohr|Stuttgart-Vaihingen|Stuttgart-Österfeld|Stuttgart Universität,8006698,Stuttgart Schwabstraße,Baden-Württemberg,Stuttgart,70197,9.156496717,48.77013954,3,2605271439,,2605271440,,h,1,Störung,,,,,,,4.0,5.0
3618335699656372385-2605271333-17,7437,2605271428,,1,,S,,Backnang|Burgstall(Murr)|Kirchberg(Murr)|Erdmannhausen|Marbach(Neckar)|Benningen(Neckar)|Freiberg(Neckar)|Favoritepark|Ludwigsburg|Kornwestheim Pbf|Stuttgart-Zuffenhausen|Stuttgart-Feuerbach|Stuttgart Nordbahnhof|Stuttgart Hbf (tief)|Stuttgart Stadtmitte|Stuttgart Feuersee,8006698,Stuttgart Schwabstraße,Baden-Württemberg,Stuttgart,70197,9.156496717,48.77013954,3,2605271430,,,,h,1,Störung,,,,,c,,2.0,0.0
-5854173668816466816-2605271447-1,28408,,2605271447,,,S,S4,,8006698,Stuttgart Schwabstraße,Baden-Württemberg,Stuttgart,70197,9.156496717,48.77013954,3,,,2605271449,,h,1,Störung,,,,,,,0.0,2.0
-1936486939046904827-2605271331-12,7734,2605271405,2605271405,2,,S,S1,Herrenberg|Nufringen|Gärtringen|Ehningen(b Böblingen)|Hulb|Böblingen|Goldberg(Württ)|Stuttgart-Rohr|Stuttgart-Vaihingen|Stuttgart-Österfeld|Stuttgart Universität,8006698,Stuttgart Schwabstraße,Baden-Württemberg,Stuttgart,70197,9.156496717,48.77013954,3,2605271422,,2605271423,,h,1,Störung,,,,,p,p,17.0,18.0
-3722178580889207774-2605271422-14,7741,2605271455,2605271455,1,,S,S1,Plochingen|Altbach|Esslingen-Zell|Oberesslingen|Esslingen(Neckar)|Esslingen-Mettingen|Stuttgart-Obertürkheim|Stuttgart-Untertürkheim|Stuttgart Neckarpark|Stuttgart-Bad Cannstatt|Stuttgart Hbf (tief)|Stuttgart Stadtmitte|Stuttgart Feuersee,8006698,Stuttgart Schwabstraße,Baden-Württemberg,Stuttgart,70197,9.156496717,48.77013954,3,2605271501,,2605271502,,h,1,Störung,,,,,,,6.0,7.0
-2645153808296859604-2605271403-17,7639,2605271448,,1,,S,,Weil der Stadt|Malmsheim|Renningen|Rutesheim|Leonberg|Höfingen|Ditzingen|Weilimdorf|Korntal|Neuwirtshaus(Porscheplatz)|Stuttgart-Zuffenhausen|Stuttgart-Feuerbach|Stuttgart Nordbahnhof|Stuttgart Hbf (tief)|Stuttgart Stadtmitte|Stuttgart Feuersee,8006698,Stuttgart Schwabstraße,Baden-Württemberg,Stuttgart,70197,9.156496717,48.77013954,3,2605271455,,,,h,1,Störung,,,,,c,,7.0,0.0
5479979498154291155-2605271422-1,7538,,2605271422,,,S,S5,,8006698,Stuttgart Schwabstraße,Baden-Württemberg,Stuttgart,70197,9.156496717,48.77013954,3,,,2605271423,,h,1,Störung,,,,,,c,0.0,1.0
5781587679873257611-2605271333-18,7833,2605271415,2605271415,1,,S,S2,Schorndorf|Weiler(Rems)|Winterbach(b Schorndorf)|Geradstetten|Grunbach|Beutelsbach|Endersbach|Stetten-Beinstein|Rommelshausen|Waiblingen|Fellbach|Stuttgart-Sommerrain|Stuttgart Nürnberger Str.|Stuttgart-Bad Cannstatt|Stuttgart Hbf (tief)|Stuttgart Stadtmitte|Stuttgart Feuersee,8006698,Stuttgart Schwabstraße,Baden-Württemberg,Stuttgart,70197,9.156496717,48.77013954,3,2605271444,,2605271445,,h,1,Störung,,,Schorndorf|Weiler(Rems)|Winterbach(b Schorndorf)|Geradstetten|Grunbach|Beutelsbach|Endersbach|Stetten-Beinstein|Rommelshausen|Waiblingen|Fellbach|Stuttgart-Sommerrain|Stuttgart Nürnberger Str.|Stuttgart-Bad Cannstatt|Stuttgart Hbf (tief)|Stuttgart Stadtmitte|Stuttgart Feuersee,Stuttgart Universität|Stuttgart-Österfeld|Stuttgart-Vaihingen|Stuttgart-Rohr|Oberaichen|Leinfelden|Echterdingen|Stuttgart Flughafen/Messe|Filderstadt,c,c,29.0,30.0
-5544791981213765004-2605271442-1,7638,,2605271442,,,S,S6,,8006698,Stuttgart Schwabstraße,Baden-Württemberg,Stuttgart,70197,9.156496717,48.77013954,3,,,,,h,1,Störung,,,,,,c,0.0,0.0
7004552740739658779-2605271350-18,7139,2605271440,2605271440,1,,S,S1,Kirchheim(Teck)|Kirchheim(Teck)-Ötlingen|Wendlingen(Neckar)|Wernau(Neckar)|Plochingen|Altbach|Esslingen-Zell|Oberesslingen|Esslingen(Neckar)|Esslingen-Mettingen|Stuttgart-Obertürkheim|Stuttgart-Untertürkheim|Stuttgart Neckarpark|Stuttgart-Bad Cannstatt|Stuttgart Hbf (tief)|Stuttgart Stadtmitte|Stuttgart Feuersee,8006698,Stuttgart Schwabstraße,Baden-Württemberg,Stuttgart,70197,9.156496717,48.77013954,3,2605271449,,2605271449,,h,1,Störung,,,,,,,9.0,9.0
-41822505101306185-2605271400-4,7336,2605271410,2605271410,2,,S,S3,Stuttgart-Vaihingen|Stuttgart-Österfeld|Stuttgart Universität,8006698,Stuttgart Schwabstraße,Baden-Württemberg,Stuttgart,70197,9.156496717,48.77013954,3,2605271410,,2605271410,,h,1,Störung,,,,,,,0.0,0.0
5825878238612075562-2605271407-1,28472,,2605271407,,,S,S5,,8006698,Stuttgart Schwabstraße,Baden-Württemberg,Stuttgart,70197,9.156496717,48.77013954,3,,,2605271407,,h,1,Störung,,,,,,,0.0,0.0
-973893879459034223-2605271418-16,7838,2605271459,2605271459,4,,S,S2,Filderstadt|Stuttgart Flughafen/Messe|Echterdingen|Leinfelden|Oberaichen|Stuttgart-Rohr|Stuttgart-Vaihingen|Stuttgart-Österfeld|Stuttgart Universität|Stuttgart Schwabstr.|Stuttgart Feuersee|Stuttgart Stadtmitte|Stuttgart Hbf (tief)|Stuttgart-Bad Cannstatt|Stuttgart Nürnberger Str.,8005774,Stuttgart-Sommerrain,Baden-Württemberg,Stuttgart,70374,9.248369749,48.81521824,5,2605271501,,2605271503,,h,1,Störung,,,,,,,2.0,4.0
6554930112927852478-2605271411-9,7339,2605271435,2605271435,1,,S,S3,Backnang|Maubach|Nellmersbach|Winnenden|Schwaikheim|Neustadt-Hohenacker|Waiblingen|Fellbach,8005774,Stuttgart-Sommerrain,Baden-Württemberg,Stuttgart,70374,9.248369749,48.81521824,5,2605271441,,2605271442,,h,1,Störung,,,,,,,6.0,7.0
-5065266161330824658-2605271348-16,7836,2605271429,2605271429,4,,S,S2,Filderstadt|Stuttgart Flughafen/Messe|Echterdingen|Leinfelden|Oberaichen|Stuttgart-Rohr|Stuttgart-Vaihingen|Stuttgart-Österfeld|Stuttgart Universität|Stuttgart Schwabstr.|Stuttgart Feuersee|Stuttgart Stadtmitte|Stuttgart Hbf (tief)|Stuttgart-Bad Cannstatt|Stuttgart Nürnberger Str.,8005774,Stuttgart-Sommerrain,Baden-Württemberg,Stuttgart,70374,9.248369749,48.81521824,5,2605271430,,2605271431,,h,1,Störung,,,,,,,1.0,2.0
-955797221433152779-2605271333-16,7234,2605271414,2605271414,4,,S,S2,Filderstadt|Stuttgart Flughafen/Messe|Echterdingen|Leinfelden|Oberaichen|Stuttgart-Rohr|Stuttgart-Vaihingen|Stuttgart-Österfeld|Stuttgart Universität|Stuttgart Schwabstr.|Stuttgart Feuersee|Stuttgart Stadtmitte|Stuttgart Hbf (tief)|Stuttgart-Bad Cannstatt|Stuttgart Nürnberger Str.,8005774,Stuttgart-Sommerrain,Baden-Württemberg,Stuttgart,70374,9.248369749,48.81521824,5,2605271416,,2605271416,,h,1,Störung,,,,,,,2.0,2.0
-4213544138721587197-2605271345-10,28332,2605271409,2605271409,4,,S,S3,Stuttgart-Vaihingen|Stuttgart-Österfeld|Stuttgart Universität|Stuttgart Schwabstr.|Stuttgart Feuersee|Stuttgart Stadtmitte|Stuttgart Hbf (tief)|Stuttgart-Bad Cannstatt|Stuttgart Nürnberger Str.,8005774,Stuttgart-Sommerrain,Baden-Württemberg,Stuttgart,70374,9.248369749,48.81521824,5,2605271409,,2605271409,,,,,,,,,,,0.0,0.0
-1157059812177875045-2605271356-9,28333,2605271420,2605271420,1,,S,S3,Backnang|Maubach|Nellmersbach|Winnenden|Schwaikheim|Neustadt-Hohenacker|Waiblingen|Fellbach,8005774,Stuttgart-Sommerrain,Baden-Württemberg,Stuttgart,70374,9.248369749,48.81521824,5,2605271433,,2605271433,,h,1,Störung,,,,,,,13.0,13.0
-5955272615429035569-2605271418-12,7241,2605271445,2605271445,1,,S,S2,Schorndorf|Weiler(Rems)|Winterbach(b Schorndorf)|Geradstetten|Grunbach|Beutelsbach|Endersbach|Stetten-Beinstein|Rommelshausen|Waiblingen|Fellbach,8005774,Stuttgart-Sommerrain,Baden-Württemberg,Stuttgart,70374,9.248369749,48.81521824,5,2605271445,,2605271447,,h,1,Störung,,,,,,,0.0,2.0
-8059892926335795903-2605271348-12,7239,2605271415,2605271415,1,,S,S2,Schorndorf|Weiler(Rems)|Winterbach(b Schorndorf)|Geradstetten|Grunbach|Beutelsbach|Endersbach|Stetten-Beinstein|Rommelshausen|Waiblingen|Fellbach,8005774,Stuttgart-Sommerrain,Baden-Württemberg,Stuttgart,70374,9.248369749,48.81521824,5,2605271426,,2605271430,,h,1,Störung,,,,,,,11.0,15.0
959092593719343738-2605271426-9,28335,2605271450,2605271450,1,,S,S3,Backnang|Maubach|Nellmersbach|Winnenden|Schwaikheim|Neustadt-Hohenacker|Waiblingen|Fellbach,8005774,Stuttgart-Sommerrain,Baden-Württemberg,Stuttgart,70374,9.248369749,48.81521824,5,2605271451,,2605271451,,h,1,Störung,,,,,,,1.0,1.0
4534703989086356326-2605271341-9,7337,2605271405,2605271405,1,,S,S3,Backnang|Maubach|Nellmersbach|Winnenden|Schwaikheim|Neustadt-Hohenacker|Waiblingen|Fellbach,8005774,Stuttgart-Sommerrain,Baden-Württemberg,Stuttgart,70374,9.248369749,48.81521824,5,2605271406,,2605271422,,h,1,Störung,,,,,,,1.0,17.0
-5789469067235984637-2605271430-10,7338,2605271454,2605271454,4,,S,S3,Stuttgart-Vaihingen|Stuttgart-Österfeld|Stuttgart Universität|Stuttgart Schwabstr.|Stuttgart Feuersee|Stuttgart Stadtmitte|Stuttgart Hbf (tief)|Stuttgart-Bad Cannstatt|Stuttgart Nürnberger Str.,8005774,Stuttgart-Sommerrain,Baden-Württemberg,Stuttgart,70374,9.248369749,48.81521824,5,2605271457,,2605271457,,h,1,Störung,,,,,,,3.0,3.0
988265121258628834-2605271403-12,7835,2605271430,2605271430,1,,S,S2,Schorndorf|Weiler(Rems)|Winterbach(b Schorndorf)|Geradstetten|Grunbach|Beutelsbach|Endersbach|Stetten-Beinstein|Rommelshausen|Waiblingen|Fellbach,8005774,Stuttgart-Sommerrain,Baden-Württemberg,Stuttgart,70374,9.248369749,48.81521824,5,2605271437,,2605271438,,h,1,Störung,,,,,,,7.0,8.0
3573720910347828828-2605271415-10,28334,2605271439,2605271439,4,,S,S3,Stuttgart-Vaihingen|Stuttgart-Österfeld|Stuttgart Universität|Stuttgart Schwabstr.|Stuttgart Feuersee|Stuttgart Stadtmitte|Stuttgart Hbf (tief)|Stuttgart-Bad Cannstatt|Stuttgart Nürnberger Str.,8005774,Stuttgart-Sommerrain,Baden-Württemberg,Stuttgart,70374,9.248369749,48.81521824,5,2605271444,,2605271443,,h,1,Störung,,,,,,,5.0,4.0
-7476481686954670934-2605271403-16,7236,2605271444,2605271444,4,,S,S2,Filderstadt|Stuttgart Flughafen/Messe|Echterdingen|Leinfelden|Oberaichen|Stuttgart-Rohr|Stuttgart-Vaihingen|Stuttgart-Österfeld|Stuttgart Universität|Stuttgart Schwabstr.|Stuttgart Feuersee|Stuttgart Stadtmitte|Stuttgart Hbf (tief)|Stuttgart-Bad Cannstatt|Stuttgart Nürnberger Str.,8005774,Stuttgart-Sommerrain,Baden-Württemberg,Stuttgart,70374,9.248369749,48.81521824,5,2605271451,,2605271451,,h,1,Störung,,,,,,,7.0,7.0
5781587679873257611-2605271333-12,7833,2605271400,2605271400,1,,S,S2,Schorndorf|Weiler(Rems)|Winterbach(b Schorndorf)|Geradstetten|Grunbach|Beutelsbach|Endersbach|Stetten-Beinstein|Rommelshausen|Waiblingen|Fellbach,8005774,Stuttgart-Sommerrain,Baden-Württemberg,Stuttgart,70374,9.248369749,48.81521824,5,2605271400,,2605271401,,h,1,Störung,,,,,,,0.0,1.0
-41822505101306185-2605271400-10,7336,2605271424,2605271424,4,,S,S3,Stuttgart-Vaihingen|Stuttgart-Österfeld|Stuttgart Universität|Stuttgart Schwabstr.|Stuttgart Feuersee|Stuttgart Stadtmitte|Stuttgart Hbf (tief)|Stuttgart-Bad Cannstatt|Stuttgart Nürnberger Str.,8005774,Stuttgart-Sommerrain,Baden-Württemberg,Stuttgart,70374,9.248369749,48.81521824,5,2605271425,,2605271425,,h,1,Störung,,,,,,,1.0,1.0
-973893879459034223-2605271418-12,7838,2605271448,2605271448,2,,S,S2,Filderstadt|Stuttgart Flughafen/Messe|Echterdingen|Leinfelden|Oberaichen|Stuttgart-Rohr|Stuttgart-Vaihingen|Stuttgart-Österfeld|Stuttgart Universität|Stuttgart Schwabstr.|Stuttgart Feuersee,8006700,Stuttgart Stadtmitte,Baden-Württemberg,Stuttgart,70173,9.173046906,48.77632953,3,2605271449,,2605271449,,h,1,Störung,,,,,,,1.0,1.0
6554930112927852478-2605271411-13,7339,2605271447,2605271447,1,,S,S3,Backnang|Maubach|Nellmersbach|Winnenden|Schwaikheim|Neustadt-Hohenacker|Waiblingen|Fellbach|Stuttgart-Sommerrain|Stuttgart Nürnberger Str.|Stuttgart-Bad Cannstatt|Stuttgart Hbf (tief),8006700,Stuttgart Stadtmitte,Baden-Württemberg,Stuttgart,70173,9.173046906,48.77632953,3,2605271459,,2605271459,,h,1,Störung,,,,,,,12.0,12.0
7993369286273643102-2605271340-11,28401,2605271409,2605271410,1,,S,S4,Marbach(Neckar)|Benningen(Neckar)|Freiberg(Neckar)|Favoritepark|Ludwigsburg|Kornwestheim Pbf|Stuttgart-Zuffenhausen|Stuttgart-Feuerbach|Stuttgart Nordbahnhof|Stuttgart Hbf (tief),8006700,Stuttgart Stadtmitte,Baden-Württemberg,Stuttgart,70173,9.173046906,48.77632953,3,2605271409,,2605271410,,h,1,Störung,,,,,c,c,0.0,0.0
-5065266161330824658-2605271348-12,7836,2605271418,2605271418,2,,S,S2,Filderstadt|Stuttgart Flughafen/Messe|Echterdingen|Leinfelden|Oberaichen|Stuttgart-Rohr|Stuttgart-Vaihingen|Stuttgart-Österfeld|Stuttgart Universität|Stuttgart Schwabstr.|Stuttgart Feuersee,8006700,Stuttgart Stadtmitte,Baden-Württemberg,Stuttgart,70173,9.173046906,48.77632953,3,2605271418,,2605271419,,h,1,Störung,,,,,,,0.0,1.0
-955797221433152779-2605271333-12,7234,2605271403,2605271403,2,,S,S2,Filderstadt|Stuttgart Flughafen/Messe|Echterdingen|Leinfelden|Oberaichen|Stuttgart-Rohr|Stuttgart-Vaihingen|Stuttgart-Österfeld|Stuttgart Universität|Stuttgart Schwabstr.|Stuttgart Feuersee,8006700,Stuttgart Stadtmitte,Baden-Württemberg,Stuttgart,70173,9.173046906,48.77632953,3,2605271404,,2605271404,,h,1,Störung,,,,,,,1.0,1.0
-1157059812177875045-2605271356-13,28333,2605271432,2605271432,1,,S,S3,Backnang|Maubach|Nellmersbach|Winnenden|Schwaikheim|Neustadt-Hohenacker|Waiblingen|Fellbach|Stuttgart-Sommerrain|Stuttgart Nürnberger Str.|Stuttgart-Bad Cannstatt|Stuttgart Hbf (tief),8006700,Stuttgart Stadtmitte,Baden-Württemberg,Stuttgart,70173,9.173046906,48.77632953,3,2605271450,,2605271451,,h,1,Störung,,,,,,,18.0,19.0
-4819270473812152373-2605271417-3,28406,2605271420,2605271421,2,,S,S4,Stuttgart Schwabstr.|Stuttgart Feuersee,8006700,Stuttgart Stadtmitte,Baden-Württemberg,Stuttgart,70173,9.173046906,48.77632953,3,2605271433,,2605271433,,h,1,Störung,,,,,,,13.0,12.0
-1478657606619347355-2605271352-12,7739,2605271422,2605271422,1,,S,S1,Plochingen|Altbach|Esslingen-Zell|Oberesslingen|Esslingen(Neckar)|Esslingen-Mettingen|Stuttgart-Obertürkheim|Stuttgart-Untertürkheim|Stuttgart Neckarpark|Stuttgart-Bad Cannstatt|Stuttgart Hbf (tief),8006700,Stuttgart Stadtmitte,Baden-Württemberg,Stuttgart,70173,9.173046906,48.77632953,3,2605271436,,2605271436,,h,1,Störung,,,,,,,14.0,14.0
6042905361873535715-2605271346-14,7138,2605271423,2605271423,2,,S,S1,Herrenberg|Nufringen|Gärtringen|Ehningen(b Böblingen)|Hulb|Böblingen|Goldberg(Württ)|Stuttgart-Rohr|Stuttgart-Vaihingen|Stuttgart-Österfeld|Stuttgart Universität|Stuttgart Schwabstr.|Stuttgart Feuersee,8006700,Stuttgart Stadtmitte,Baden-Württemberg,Stuttgart,70173,9.173046906,48.77632953,3,2605271435,,2605271436,,h,1,Störung,,,,,,,12.0,13.0
-5955272615429035569-2605271418-16,7241,2605271457,2605271457,1,,S,S2,Schorndorf|Weiler(Rems)|Winterbach(b Schorndorf)|Geradstetten|Grunbach|Beutelsbach|Endersbach|Stetten-Beinstein|Rommelshausen|Waiblingen|Fellbach|Stuttgart-Sommerrain|Stuttgart Nürnberger Str.|Stuttgart-Bad Cannstatt|Stuttgart Hbf (tief),8006700,Stuttgart Stadtmitte,Baden-Württemberg,Stuttgart,70173,9.173046906,48.77632953,3,2605271501,,2605271501,,h,1,Störung,,,,,,,4.0,4.0
-8059892926335795903-2605271348-16,7239,2605271427,2605271427,1,,S,S2,Schorndorf|Weiler(Rems)|Winterbach(b Schorndorf)|Geradstetten|Grunbach|Beutelsbach|Endersbach|Stetten-Beinstein|Rommelshausen|Waiblingen|Fellbach|Stuttgart-Sommerrain|Stuttgart Nürnberger Str.|Stuttgart-Bad Cannstatt|Stuttgart Hbf (tief),8006700,Stuttgart Stadtmitte,Baden-Württemberg,Stuttgart,70173,9.173046906,48.77632953,3,2605271448,,2605271449,,h,1,Störung,,,,,,,21.0,22.0
7922855139158603560-2605271407-10,7539,2605271434,2605271435,1,,S,S5,Bietigheim-Bissingen|Tamm(Württ)|Asperg|Ludwigsburg|Kornwestheim Pbf|Stuttgart-Zuffenhausen|Stuttgart-Feuerbach|Stuttgart Nordbahnhof|Stuttgart Hbf (tief),8006700,Stuttgart Stadtmitte,Baden-Württemberg,Stuttgart,70173,9.173046906,48.77632953,3,2605271438,,2605271439,,h,1,Störung,,,,,,,4.0,4.0
-2716364704866871625-2605271410-11,28403,2605271439,2605271440,1,,S,S4,Marbach(Neckar)|Benningen(Neckar)|Freiberg(Neckar)|Favoritepark|Ludwigsburg|Kornwestheim Pbf|Stuttgart-Zuffenhausen|Stuttgart-Feuerbach|Stuttgart Nordbahnhof|Stuttgart Hbf (tief),8006700,Stuttgart Stadtmitte,Baden-Württemberg,Stuttgart,70173,9.173046906,48.77632953,3,2605271442,,2605271443,,h,1,Störung,,,,,,,3.0,3.0
5941834571298649161-2605271320-16,7137,2605271407,2605271407,1,,S,S1,Kirchheim(Teck)|Kirchheim(Teck)-Ötlingen|Wendlingen(Neckar)|Wernau(Neckar)|Plochingen|Altbach|Esslingen-Zell|Oberesslingen|Esslingen(Neckar)|Esslingen-Mettingen|Stuttgart-Obertürkheim|Stuttgart-Untertürkheim|Stuttgart Neckarpark|Stuttgart-Bad Cannstatt|Stuttgart Hbf (tief),8006700,Stuttgart Stadtmitte,Baden-Württemberg,Stuttgart,70173,9.173046906,48.77632953,3,2605271426,,2605271427,,h,1,Störung,,,,,c,c,19.0,20.0
4534703989086356326-2605271341-13,7337,2605271417,2605271417,1,,S,S3,Backnang|Maubach|Nellmersbach|Winnenden|Schwaikheim|Neustadt-Hohenacker|Waiblingen|Fellbach|Stuttgart-Sommerrain|Stuttgart Nürnberger Str.|Stuttgart-Bad Cannstatt|Stuttgart Hbf (tief),8006700,Stuttgart Stadtmitte,Baden-Württemberg,Stuttgart,70173,9.173046906,48.77632953,3,2605271441,,2605271441,,h,1,Störung,,,,,,,24.0,24.0
-5789469067235984637-2605271430-6,7338,2605271443,2605271443,2,,S,S3,Stuttgart-Vaihingen|Stuttgart-Österfeld|Stuttgart Universität|Stuttgart Schwabstr.|Stuttgart Feuersee,8006700,Stuttgart Stadtmitte,Baden-Württemberg,Stuttgart,70173,9.173046906,48.77632953,3,2605271445,,2605271446,,h,1,Störung,,,,,,,2.0,3.0
-6549272114727686147-2605271403-15,7439,2605271454,2605271455,1,,S,S4,Backnang|Burgstall(Murr)|Kirchberg(Murr)|Erdmannhausen|Marbach(Neckar)|Benningen(Neckar)|Freiberg(Neckar)|Favoritepark|Ludwigsburg|Kornwestheim Pbf|Stuttgart-Zuffenhausen|Stuttgart-Feuerbach|Stuttgart Nordbahnhof|Stuttgart Hbf (tief),8006700,Stuttgart Stadtmitte,Baden-Württemberg,Stuttgart,70173,9.173046906,48.77632953,3,2605271508,,2605271509,,h,1,Störung,,,,,c,c,14.0,14.0
7622464283457575985-2605271445-6,28336,2605271458,2605271458,2,,S,S3,Stuttgart-Vaihingen|Stuttgart-Österfeld|Stuttgart Universität|Stuttgart Schwabstr.|Stuttgart Feuersee,8006700,Stuttgart Stadtmitte,Baden-Württemberg,Stuttgart,70173,9.173046906,48.77632953,3,2605271459,,2605271459,,h,1,Störung,,,,,,,1.0,1.0
-5316665284018315725-2605271412-3,7636,2605271415,2605271416,2,,S,S6,Stuttgart Schwabstr.|Stuttgart Feuersee,8006700,Stuttgart Stadtmitte,Baden-Württemberg,Stuttgart,70173,9.173046906,48.77632953,3,2605271415,,2605271416,,h,1,Störung,,,,,,,0.0,0.0
-8943419019566147367-2605271452-3,7540,2605271455,2605271456,2,,S,S5,Stuttgart Schwabstr.|Stuttgart Feuersee,8006700,Stuttgart Stadtmitte,Baden-Württemberg,Stuttgart,70173,9.173046906,48.77632953,3,2605271457,,2605271457,,h,1,Störung,,,,,,,2.0,1.0
6483046306664196939-2605271437-3,28474,2605271440,2605271441,2,,S,S5,Stuttgart Schwabstr.|Stuttgart Feuersee,8006700,Stuttgart Stadtmitte,Baden-Württemberg,Stuttgart,70173,9.173046906,48.77632953,3,2605271440,,2605271441,,h,1,Störung,,,,,c,c,0.0,0.0
-6501025132250133137-2605271432-3,7436,2605271435,2605271436,2,,S,S4,Stuttgart Schwabstr.|Stuttgart Feuersee,8006700,Stuttgart Stadtmitte,Baden-Württemberg,Stuttgart,70173,9.173046906,48.77632953,3,2605271435,,2605271436,,h,1,Störung,,,,,c,c,0.0,0.0
-2744660321086161380-2605271422-10,28475,2605271449,2605271450,1,,S,S5,Bietigheim-Bissingen|Tamm(Württ)|Asperg|Ludwigsburg|Kornwestheim Pbf|Stuttgart-Zuffenhausen|Stuttgart-Feuerbach|Stuttgart Nordbahnhof|Stuttgart Hbf (tief),8006700,Stuttgart Stadtmitte,Baden-Württemberg,Stuttgart,70173,9.173046906,48.77632953,3,2605271455,,2605271455,,h,1,Störung,,,,,,,6.0,5.0
4368264823792479342-2605271416-14,7140,2605271453,2605271453,2,,S,S1,Herrenberg|Nufringen|Gärtringen|Ehningen(b Böblingen)|Hulb|Böblingen|Goldberg(Württ)|Stuttgart-Rohr|Stuttgart-Vaihingen|Stuttgart-Österfeld|Stuttgart Universität|Stuttgart Schwabstr.|Stuttgart Feuersee,8006700,Stuttgart Stadtmitte,Baden-Württemberg,Stuttgart,70173,9.173046906,48.77632953,3,2605271454,,2605271455,,h,1,Störung,,,,,,,1.0,2.0
-6618548157105238962-2605271333-15,7637,2605271414,2605271415,1,,S,S6,Weil der Stadt|Malmsheim|Renningen|Rutesheim|Leonberg|Höfingen|Ditzingen|Weilimdorf|Korntal|Neuwirtshaus(Porscheplatz)|Stuttgart-Zuffenhausen|Stuttgart-Feuerbach|Stuttgart Nordbahnhof|Stuttgart Hbf (tief),8006700,Stuttgart Stadtmitte,Baden-Württemberg,Stuttgart,70173,9.173046906,48.77632953,3,2605271414,,2605271415,,h,1,Störung,,,,,c,c,0.0,0.0
988265121258628834-2605271403-16,7835,2605271442,2605271442,1,,S,S2,Schorndorf|Weiler(Rems)|Winterbach(b Schorndorf)|Geradstetten|Grunbach|Beutelsbach|Endersbach|Stetten-Beinstein|Rommelshausen|Waiblingen|Fellbach|Stuttgart-Sommerrain|Stuttgart Nürnberger Str.|Stuttgart-Bad Cannstatt|Stuttgart Hbf (tief),8006700,Stuttgart Stadtmitte,Baden-Württemberg,Stuttgart,70173,9.173046906,48.77632953,3,2605271453,,2605271454,,h,1,Störung,,,,,,,11.0,12.0
1310498941862652561-2605271402-3,7434,2605271405,2605271406,2,,S,S4,Stuttgart Schwabstr.|Stuttgart Feuersee,8006700,Stuttgart Stadtmitte,Baden-Württemberg,Stuttgart,70173,9.173046906,48.77632953,3,2605271406,,2605271407,,h,1,Störung,,,,,,,1.0,1.0
-3527222447454651750-2605271326-13,28331,2605271402,2605271402,1,,S,S3,Backnang|Maubach|Nellmersbach|Winnenden|Schwaikheim|Neustadt-Hohenacker|Waiblingen|Fellbach|Stuttgart-Sommerrain|Stuttgart Nürnberger Str.|Stuttgart-Bad Cannstatt|Stuttgart Hbf (tief),8006700,Stuttgart Stadtmitte,Baden-Württemberg,Stuttgart,70173,9.173046906,48.77632953,3,2605271420,,2605271421,,h,1,Störung,,,,,,,18.0,19.0
3573720910347828828-2605271415-6,28334,2605271428,2605271428,2,,S,S3,Stuttgart-Vaihingen|Stuttgart-Österfeld|Stuttgart Universität|Stuttgart Schwabstr.|Stuttgart Feuersee,8006700,Stuttgart Stadtmitte,Baden-Württemberg,Stuttgart,70173,9.173046906,48.77632953,3,2605271430,,2605271431,,h,1,Störung,,,,,,,2.0,3.0
-2205886530121673447-2605271337-10,7537,2605271404,2605271405,1,,S,S5,Bietigheim-Bissingen|Tamm(Württ)|Asperg|Ludwigsburg|Kornwestheim Pbf|Stuttgart-Zuffenhausen|Stuttgart-Feuerbach|Stuttgart Nordbahnhof|Stuttgart Hbf (tief),8006700,Stuttgart Stadtmitte,Baden-Württemberg,Stuttgart,70173,9.173046906,48.77632953,3,2605271422,,2605271423,,h,1,Störung,,,,,,,18.0,18.0
-7476481686954670934-2605271403-12,7236,2605271433,2605271433,2,,S,S2,Filderstadt|Stuttgart Flughafen/Messe|Echterdingen|Leinfelden|Oberaichen|Stuttgart-Rohr|Stuttgart-Vaihingen|Stuttgart-Österfeld|Stuttgart Universität|Stuttgart Schwabstr.|Stuttgart Feuersee,8006700,Stuttgart Stadtmitte,Baden-Württemberg,Stuttgart,70173,9.173046906,48.77632953,3,2605271438,,2605271438,,h,1,Störung,,,,,,,5.0,5.0
-5265875940213227637-2605271352-10,28473,2605271419,2605271420,1,,S,S5,Bietigheim-Bissingen|Tamm(Württ)|Asperg|Ludwigsburg|Kornwestheim Pbf|Stuttgart-Zuffenhausen|Stuttgart-Feuerbach|Stuttgart Nordbahnhof|Stuttgart Hbf (tief),8006700,Stuttgart Stadtmitte,Baden-Württemberg,Stuttgart,70173,9.173046906,48.77632953,3,2605271421,,2605271421,,h,1,Störung,,,,,c,c,2.0,1.0
-1448566218874371491-2605271401-14,7736,2605271438,2605271438,2,,S,S1,Herrenberg|Nufringen|Gärtringen|Ehningen(b Böblingen)|Hulb|Böblingen|Goldberg(Württ)|Stuttgart-Rohr|Stuttgart-Vaihingen|Stuttgart-Österfeld|Stuttgart Universität|Stuttgart Schwabstr.|Stuttgart Feuersee,8006700,Stuttgart Stadtmitte,Baden-Württemberg,Stuttgart,70173,9.173046906,48.77632953,3,2605271442,,2605271443,,h,1,Störung,,,,,,,4.0,5.0
3618335699656372385-2605271333-15,7437,2605271424,2605271425,1,,S,S4,Backnang|Burgstall(Murr)|Kirchberg(Murr)|Erdmannhausen|Marbach(Neckar)|Benningen(Neckar)|Freiberg(Neckar)|Favoritepark|Ludwigsburg|Kornwestheim Pbf|Stuttgart-Zuffenhausen|Stuttgart-Feuerbach|Stuttgart Nordbahnhof|Stuttgart Hbf (tief),8006700,Stuttgart Stadtmitte,Baden-Württemberg,Stuttgart,70173,9.173046906,48.77632953,3,2605271427,,2605271427,,h,1,Störung,,,,,c,c,3.0,2.0
-5854173668816466816-2605271447-3,28408,2605271450,2605271451,2,,S,S4,Stuttgart Schwabstr.|Stuttgart Feuersee,8006700,Stuttgart Stadtmitte,Baden-Württemberg,Stuttgart,70173,9.173046906,48.77632953,3,2605271452,,2605271452,,h,1,Störung,,,,,,,2.0,1.0
-1936486939046904827-2605271331-14,7734,2605271408,2605271408,2,,S,S1,Herrenberg|Nufringen|Gärtringen|Ehningen(b Böblingen)|Hulb|Böblingen|Goldberg(Württ)|Stuttgart-Rohr|Stuttgart-Vaihingen|Stuttgart-Österfeld|Stuttgart Universität|Stuttgart Schwabstr.|Stuttgart Feuersee,8006700,Stuttgart Stadtmitte,Baden-Württemberg,Stuttgart,70173,9.173046906,48.77632953,3,2605271426,,2605271426,,h,1,Störung,,,,,p,p,18.0,18.0
-3722178580889207774-2605271422-12,7741,2605271452,2605271452,1,,S,S1,Plochingen|Altbach|Esslingen-Zell|Oberesslingen|Esslingen(Neckar)|Esslingen-Mettingen|Stuttgart-Obertürkheim|Stuttgart-Untertürkheim|Stuttgart Neckarpark|Stuttgart-Bad Cannstatt|Stuttgart Hbf (tief),8006700,Stuttgart Stadtmitte,Baden-Württemberg,Stuttgart,70173,9.173046906,48.77632953,3,2605271457,,2605271457,,h,1,Störung,,,,,,,5.0,5.0
-2645153808296859604-2605271403-15,7639,2605271444,2605271445,1,,S,S6,Weil der Stadt|Malmsheim|Renningen|Rutesheim|Leonberg|Höfingen|Ditzingen|Weilimdorf|Korntal|Neuwirtshaus(Porscheplatz)|Stuttgart-Zuffenhausen|Stuttgart-Feuerbach|Stuttgart Nordbahnhof|Stuttgart Hbf (tief),8006700,Stuttgart Stadtmitte,Baden-Württemberg,Stuttgart,70173,9.173046906,48.77632953,3,2605271452,,2605271452,,h,1,Störung,,,,,c,c,8.0,7.0
5479979498154291155-2605271422-3,7538,2605271425,2605271426,2,,S,S5,Stuttgart Schwabstr.|Stuttgart Feuersee,8006700,Stuttgart Stadtmitte,Baden-Württemberg,Stuttgart,70173,9.173046906,48.77632953,3,2605271425,,2605271426,,h,1,Störung,,,,,c,c,0.0,0.0
5781587679873257611-2605271333-16,7833,2605271412,2605271412,1,,S,S2,Schorndorf|Weiler(Rems)|Winterbach(b Schorndorf)|Geradstetten|Grunbach|Beutelsbach|Endersbach|Stetten-Beinstein|Rommelshausen|Waiblingen|Fellbach|Stuttgart-Sommerrain|Stuttgart Nürnberger Str.|Stuttgart-Bad Cannstatt|Stuttgart Hbf (tief),8006700,Stuttgart Stadtmitte,Baden-Württemberg,Stuttgart,70173,9.173046906,48.77632953,3,2605271441,,2605271441,,h,1,Störung,,,,,c,c,29.0,29.0
-5544791981213765004-2605271442-3,7638,2605271445,2605271446,2,,S,S6,Stuttgart Schwabstr.|Stuttgart Feuersee,8006700,Stuttgart Stadtmitte,Baden-Württemberg,Stuttgart,70173,9.173046906,48.77632953,3,,,,,h,1,Störung,,,,,c,c,0.0,0.0
7004552740739658779-2605271350-16,7139,2605271437,2605271437,1,,S,S1,Kirchheim(Teck)|Kirchheim(Teck)-Ötlingen|Wendlingen(Neckar)|Wernau(Neckar)|Plochingen|Altbach|Esslingen-Zell|Oberesslingen|Esslingen(Neckar)|Esslingen-Mettingen|Stuttgart-Obertürkheim|Stuttgart-Untertürkheim|Stuttgart Neckarpark|Stuttgart-Bad Cannstatt|Stuttgart Hbf (tief),8006700,Stuttgart Stadtmitte,Baden-Württemberg,Stuttgart,70173,9.173046906,48.77632953,3,2605271445,,2605271446,,h,1,Störung,,,,,,,8.0,9.0
-41822505101306185-2605271400-6,7336,2605271413,2605271413,2,,S,S3,Stuttgart-Vaihingen|Stuttgart-Österfeld|Stuttgart Universität|Stuttgart Schwabstr.|Stuttgart Feuersee,8006700,Stuttgart Stadtmitte,Baden-Württemberg,Stuttgart,70173,9.173046906,48.77632953,3,2605271413,,2605271414,,h,1,Störung,,,,,,,0.0,1.0
5825878238612075562-2605271407-3,28472,2605271410,2605271411,2,,S,S5,Stuttgart Schwabstr.|Stuttgart Feuersee,8006700,Stuttgart Stadtmitte,Baden-Württemberg,Stuttgart,70173,9.173046906,48.77632953,3,2605271410,,2605271411,,h,1,Störung,,,,,,,0.0,0.0
6860077973327279202-2605271316-18,7136,2605271404,2605271404,6,,S,S1,Herrenberg|Nufringen|Gärtringen|Ehningen(b Böblingen)|Hulb|Böblingen|Goldberg(Württ)|Stuttgart-Rohr|Stuttgart-Vaihingen|Stuttgart-Österfeld|Stuttgart Universität|Stuttgart Schwabstr.|Stuttgart Feuersee|Stuttgart Stadtmitte|Stuttgart Hbf (tief)|Stuttgart-Bad Cannstatt|Stuttgart Neckarpark,8005775,Stuttgart-Untertürkheim Pbf,Baden-Württemberg,Stuttgart,70327,9.250467074,48.77984679,3,2605271406,,2605271406,,,,,,,,,,,2.0,2.0
-1478657606619347355-2605271352-8,7739,2605271410,2605271410,5,,S,S1,Plochingen|Altbach|Esslingen-Zell|Oberesslingen|Esslingen(Neckar)|Esslingen-Mettingen|Stuttgart-Obertürkheim,8005775,Stuttgart-Untertürkheim Pbf,Baden-Württemberg,Stuttgart,70327,9.250467074,48.77984679,3,2605271410,,2605271411,,h,1,Störung,,,,,,,0.0,1.0
6042905361873535715-2605271346-18,7138,2605271434,2605271434,6,,S,S1,Herrenberg|Nufringen|Gärtringen|Ehningen(b Böblingen)|Hulb|Böblingen|Goldberg(Württ)|Stuttgart-Rohr|Stuttgart-Vaihingen|Stuttgart-Österfeld|Stuttgart Universität|Stuttgart Schwabstr.|Stuttgart Feuersee|Stuttgart Stadtmitte|Stuttgart Hbf (tief)|Stuttgart-Bad Cannstatt|Stuttgart Neckarpark,8005775,Stuttgart-Untertürkheim Pbf,Baden-Württemberg,Stuttgart,70327,9.250467074,48.77984679,3,2605271446,,2605271447,,h,1,Störung,,,,,,,12.0,13.0
-1448566218874371491-2605271401-18,7736,2605271449,2605271449,6,,S,S1,Herrenberg|Nufringen|Gärtringen|Ehningen(b Böblingen)|Hulb|Böblingen|Goldberg(Württ)|Stuttgart-Rohr|Stuttgart-Vaihingen|Stuttgart-Österfeld|Stuttgart Universität|Stuttgart Schwabstr.|Stuttgart Feuersee|Stuttgart Stadtmitte|Stuttgart Hbf (tief)|Stuttgart-Bad Cannstatt|Stuttgart Neckarpark,8005775,Stuttgart-Untertürkheim Pbf,Baden-Württemberg,Stuttgart,70327,9.250467074,48.77984679,3,2605271454,,2605271454,,h,1,Störung,,,,,,,5.0,5.0
-1936486939046904827-2605271331-18,7734,2605271419,2605271419,6,,S,S1,Herrenberg|Nufringen|Gärtringen|Ehningen(b Böblingen)|Hulb|Böblingen|Goldberg(Württ)|Stuttgart-Rohr|Stuttgart-Vaihingen|Stuttgart-Österfeld|Stuttgart Universität|Stuttgart Schwabstr.|Stuttgart Feuersee|Stuttgart Stadtmitte|Stuttgart Hbf (tief)|Stuttgart-Bad Cannstatt|Stuttgart Neckarpark,8005775,Stuttgart-Untertürkheim Pbf,Baden-Württemberg,Stuttgart,70327,9.250467074,48.77984679,3,2605271440,,2605271441,,h,1,Störung,,,,,p,p,21.0,22.0
-3722178580889207774-2605271422-8,7741,2605271440,2605271440,5,,S,S1,Plochingen|Altbach|Esslingen-Zell|Oberesslingen|Esslingen(Neckar)|Esslingen-Mettingen|Stuttgart-Obertürkheim,8005775,Stuttgart-Untertürkheim Pbf,Baden-Württemberg,Stuttgart,70327,9.250467074,48.77984679,3,2605271440,,2605271441,,h,1,Störung,,,,,,,0.0,1.0
7236638317671658556-2605271420-12,7141,2605271455,2605271455,5,,S,S1,Kirchheim(Teck)|Kirchheim(Teck)-Ötlingen|Wendlingen(Neckar)|Wernau(Neckar)|Plochingen|Altbach|Esslingen-Zell|Oberesslingen|Esslingen(Neckar)|Esslingen-Mettingen|Stuttgart-Obertürkheim,8005775,Stuttgart-Untertürkheim Pbf,Baden-Württemberg,Stuttgart,70327,9.250467074,48.77984679,3,2605271455,,2605271455,,h,1,Störung,,,,,,,0.0,0.0
7004552740739658779-2605271350-12,7139,2605271425,2605271425,5,,S,S1,Kirchheim(Teck)|Kirchheim(Teck)-Ötlingen|Wendlingen(Neckar)|Wernau(Neckar)|Plochingen|Altbach|Esslingen-Zell|Oberesslingen|Esslingen(Neckar)|Esslingen-Mettingen|Stuttgart-Obertürkheim,8005775,Stuttgart-Untertürkheim Pbf,Baden-Württemberg,Stuttgart,70327,9.250467074,48.77984679,3,2605271428,,2605271429,,h,1,Störung,,,,,,,3.0,4.0
-973893879459034223-2605271418-7,7838,2605271435,2605271435,3,,S,S2,Filderstadt|Stuttgart Flughafen/Messe|Echterdingen|Leinfelden|Oberaichen|Stuttgart-Rohr,8005776,Stuttgart-Vaihingen,Baden-Württemberg,Stuttgart,70563,9.113913368,48.72698116,3,2605271436,2,2605271437,2,h,1,Störung,,,,,,,1.0,2.0
6554930112927852478-2605271411-18,7339,2605271459,,2,,S,,Backnang|Maubach|Nellmersbach|Winnenden|Schwaikheim|Neustadt-Hohenacker|Waiblingen|Fellbach|Stuttgart-Sommerrain|Stuttgart Nürnberger Str.|Stuttgart-Bad Cannstatt|Stuttgart Hbf (tief)|Stuttgart Stadtmitte|Stuttgart Feuersee|Stuttgart Schwabstr.|Stuttgart Universität|Stuttgart-Österfeld,8005776,Stuttgart-Vaihingen,Baden-Württemberg,Stuttgart,70563,9.113913368,48.72698116,3,2605271517,,,,h,1,Störung,,,,,,,18.0,0.0
-5065266161330824658-2605271348-7,7836,2605271405,2605271405,3,,S,S2,Filderstadt|Stuttgart Flughafen/Messe|Echterdingen|Leinfelden|Oberaichen|Stuttgart-Rohr,8005776,Stuttgart-Vaihingen,Baden-Württemberg,Stuttgart,70563,9.113913368,48.72698116,3,2605271405,,2605271405,,h,1,Störung,,,,,,,0.0,0.0
-1157059812177875045-2605271356-18,28333,2605271444,,2,,S,,Backnang|Maubach|Nellmersbach|Winnenden|Schwaikheim|Neustadt-Hohenacker|Waiblingen|Fellbach|Stuttgart-Sommerrain|Stuttgart Nürnberger Str.|Stuttgart-Bad Cannstatt|Stuttgart Hbf (tief)|Stuttgart Stadtmitte|Stuttgart Feuersee|Stuttgart Schwabstr.|Stuttgart Universität|Stuttgart-Österfeld,8005776,Stuttgart-Vaihingen,Baden-Württemberg,Stuttgart,70563,9.113913368,48.72698116,3,2605271509,,,,h,1,Störung,,,,,,,25.0,0.0
1483937347162480380-2605271431-9,7738,2605271455,2605271455,3,,S,S1,Herrenberg|Nufringen|Gärtringen|Ehningen(b Böblingen)|Hulb|Böblingen|Goldberg(Württ)|Stuttgart-Rohr,8005776,Stuttgart-Vaihingen,Baden-Württemberg,Stuttgart,70563,9.113913368,48.72698116,3,2605271457,,2605271457,,h,1,Störung,,,,,,,2.0,2.0
-1478657606619347355-2605271352-17,7739,2605271434,2605271435,1,,S,S1,Plochingen|Altbach|Esslingen-Zell|Oberesslingen|Esslingen(Neckar)|Esslingen-Mettingen|Stuttgart-Obertürkheim|Stuttgart-Untertürkheim|Stuttgart Neckarpark|Stuttgart-Bad Cannstatt|Stuttgart Hbf (tief)|Stuttgart Stadtmitte|Stuttgart Feuersee|Stuttgart Schwabstr.|Stuttgart Universität|Stuttgart-Österfeld,8005776,Stuttgart-Vaihingen,Baden-Württemberg,Stuttgart,70563,9.113913368,48.72698116,3,2605271448,,2605271449,,h,1,Störung,,,,,,,14.0,14.0
6042905361873535715-2605271346-9,7138,2605271410,2605271410,3,,S,S1,Herrenberg|Nufringen|Gärtringen|Ehningen(b Böblingen)|Hulb|Böblingen|Goldberg(Württ)|Stuttgart-Rohr,8005776,Stuttgart-Vaihingen,Baden-Württemberg,Stuttgart,70563,9.113913368,48.72698116,3,2605271417,,2605271421,,h,1,Störung,,,,,,,7.0,11.0
-8059892926335795903-2605271348-21,7239,2605271439,2605271440,2,,S,S2,Schorndorf|Weiler(Rems)|Winterbach(b Schorndorf)|Geradstetten|Grunbach|Beutelsbach|Endersbach|Stetten-Beinstein|Rommelshausen|Waiblingen|Fellbach|Stuttgart-Sommerrain|Stuttgart Nürnberger Str.|Stuttgart-Bad Cannstatt|Stuttgart Hbf (tief)|Stuttgart Stadtmitte|Stuttgart Feuersee|Stuttgart Schwabstr.|Stuttgart Universität|Stuttgart-Österfeld,8005776,Stuttgart-Vaihingen,Baden-Württemberg,Stuttgart,70563,9.113913368,48.72698116,3,2605271504,,2605271506,,h,1,Störung,,,,,,,25.0,26.0
6223730688488220237-2605271318-21,7237,2605271409,2605271410,2,,S,S2,Schorndorf|Weiler(Rems)|Winterbach(b Schorndorf)|Geradstetten|Grunbach|Beutelsbach|Endersbach|Stetten-Beinstein|Rommelshausen|Waiblingen|Fellbach|Stuttgart-Sommerrain|Stuttgart Nürnberger Str.|Stuttgart-Bad Cannstatt|Stuttgart Hbf (tief)|Stuttgart Stadtmitte|Stuttgart Feuersee|Stuttgart Schwabstr.|Stuttgart Universität|Stuttgart-Österfeld,8005776,Stuttgart-Vaihingen,Baden-Württemberg,Stuttgart,70563,9.113913368,48.72698116,3,2605271438,,2605271439,,h,1,Störung,,,,,c,c,29.0,29.0
5941834571298649161-2605271320-21,7137,2605271419,2605271420,1,,S,S1,Kirchheim(Teck)|Kirchheim(Teck)-Ötlingen|Wendlingen(Neckar)|Wernau(Neckar)|Plochingen|Altbach|Esslingen-Zell|Oberesslingen|Esslingen(Neckar)|Esslingen-Mettingen|Stuttgart-Obertürkheim|Stuttgart-Untertürkheim|Stuttgart Neckarpark|Stuttgart-Bad Cannstatt|Stuttgart Hbf (tief)|Stuttgart Stadtmitte|Stuttgart Feuersee|Stuttgart Schwabstr.|Stuttgart Universität|Stuttgart-Österfeld,8005776,Stuttgart-Vaihingen,Baden-Württemberg,Stuttgart,70563,9.113913368,48.72698116,3,2605271451,,2605271457,,h,1,Störung,,,Kirchheim(Teck)|Kirchheim(Teck)-Ötlingen|Wendlingen(Neckar)|Wernau(Neckar)|Plochingen|Altbach|Esslingen-Zell|Oberesslingen|Esslingen(Neckar)|Esslingen-Mettingen|Stuttgart-Obertürkheim|Stuttgart-Untertürkheim|Stuttgart Neckarpark|Stuttgart-Bad Cannstatt|Stuttgart Hbf (tief)|Stuttgart Stadtmitte|Stuttgart Feuersee|Stuttgart Schwabstr.|Stuttgart Universität|Stuttgart-Österfeld,Stuttgart-Rohr|Goldberg(Württ)|Böblingen|Hulb|Ehningen(b Böblingen)|Gärtringen|Nufringen|Herrenberg,,,32.0,37.0
4534703989086356326-2605271341-18,7337,2605271429,,2,,S,,Backnang|Maubach|Nellmersbach|Winnenden|Schwaikheim|Neustadt-Hohenacker|Waiblingen|Fellbach|Stuttgart-Sommerrain|Stuttgart Nürnberger Str.|Stuttgart-Bad Cannstatt|Stuttgart Hbf (tief)|Stuttgart Stadtmitte|Stuttgart Feuersee|Stuttgart Schwabstr.|Stuttgart Universität|Stuttgart-Österfeld,8005776,Stuttgart-Vaihingen,Baden-Württemberg,Stuttgart,70563,9.113913368,48.72698116,3,2605271453,,,,h,1,Störung,,,,,,,24.0,0.0
-5789469067235984637-2605271430-1,7338,,2605271430,,,S,S3,,8005776,Stuttgart-Vaihingen,Baden-Württemberg,Stuttgart,70563,9.113913368,48.72698116,3,,,2605271434,,h,1,Störung,,,,,,,0.0,4.0
7622464283457575985-2605271445-1,28336,,2605271445,,,S,S3,,8005776,Stuttgart-Vaihingen,Baden-Württemberg,Stuttgart,70563,9.113913368,48.72698116,3,,,2605271446,2,h,1,Störung,,,,,,,0.0,1.0
4368264823792479342-2605271416-9,7140,2605271440,2605271440,3,,S,S1,Herrenberg|Nufringen|Gärtringen|Ehningen(b Böblingen)|Hulb|Böblingen|Goldberg(Württ)|Stuttgart-Rohr,8005776,Stuttgart-Vaihingen,Baden-Württemberg,Stuttgart,70563,9.113913368,48.72698116,3,2605271442,,2605271442,,h,1,Störung,,,,,,,2.0,2.0
988265121258628834-2605271403-21,7835,2605271454,2605271455,2,,S,S2,Schorndorf|Weiler(Rems)|Winterbach(b Schorndorf)|Geradstetten|Grunbach|Beutelsbach|Endersbach|Stetten-Beinstein|Rommelshausen|Waiblingen|Fellbach|Stuttgart-Sommerrain|Stuttgart Nürnberger Str.|Stuttgart-Bad Cannstatt|Stuttgart Hbf (tief)|Stuttgart Stadtmitte|Stuttgart Feuersee|Stuttgart Schwabstr.|Stuttgart Universität|Stuttgart-Österfeld,8005776,Stuttgart-Vaihingen,Baden-Württemberg,Stuttgart,70563,9.113913368,48.72698116,3,2605271513,,2605271513,,h,1,Störung,,,,,,,19.0,18.0
-3527222447454651750-2605271326-18,28331,2605271414,,2,,S,,Backnang|Maubach|Nellmersbach|Winnenden|Schwaikheim|Neustadt-Hohenacker|Waiblingen|Fellbach|Stuttgart-Sommerrain|Stuttgart Nürnberger Str.|Stuttgart-Bad Cannstatt|Stuttgart Hbf (tief)|Stuttgart Stadtmitte|Stuttgart Feuersee|Stuttgart Schwabstr.|Stuttgart Universität|Stuttgart-Österfeld,8005776,Stuttgart-Vaihingen,Baden-Württemberg,Stuttgart,70563,9.113913368,48.72698116,3,2605271432,,,,h,1,Störung,,,,,,,18.0,0.0
3573720910347828828-2605271415-1,28334,,2605271415,,,S,S3,,8005776,Stuttgart-Vaihingen,Baden-Württemberg,Stuttgart,70563,9.113913368,48.72698116,3,,,2605271418,2,h,1,Störung,,,,,,,0.0,3.0
-7476481686954670934-2605271403-7,7236,2605271420,2605271420,3,,S,S2,Filderstadt|Stuttgart Flughafen/Messe|Echterdingen|Leinfelden|Oberaichen|Stuttgart-Rohr,8005776,Stuttgart-Vaihingen,Baden-Württemberg,Stuttgart,70563,9.113913368,48.72698116,3,2605271421,2,2605271425,2,h,1,Störung,,,,,,,1.0,5.0
6975060148484130926-2605271322-17,7737,2605271404,2605271405,1,,S,S1,Plochingen|Altbach|Esslingen-Zell|Oberesslingen|Esslingen(Neckar)|Esslingen-Mettingen|Stuttgart-Obertürkheim|Stuttgart-Untertürkheim|Stuttgart Neckarpark|Stuttgart-Bad Cannstatt|Stuttgart Hbf (tief)|Stuttgart Stadtmitte|Stuttgart Feuersee|Stuttgart Schwabstr.|Stuttgart Universität|Stuttgart-Österfeld,8005776,Stuttgart-Vaihingen,Baden-Württemberg,Stuttgart,70563,9.113913368,48.72698116,3,2605271405,,2605271405,,h,1,Störung,,,,,,,1.0,0.0
-1448566218874371491-2605271401-9,7736,2605271425,2605271425,3,,S,S1,Herrenberg|Nufringen|Gärtringen|Ehningen(b Böblingen)|Hulb|Böblingen|Goldberg(Württ)|Stuttgart-Rohr,8005776,Stuttgart-Vaihingen,Baden-Württemberg,Stuttgart,70563,9.113913368,48.72698116,3,2605271425,,2605271429,,h,1,Störung,,,,,,,0.0,4.0
5781587679873257611-2605271333-21,7833,2605271424,2605271425,2,,S,S2,Schorndorf|Weiler(Rems)|Winterbach(b Schorndorf)|Geradstetten|Grunbach|Beutelsbach|Endersbach|Stetten-Beinstein|Rommelshausen|Waiblingen|Fellbach|Stuttgart-Sommerrain|Stuttgart Nürnberger Str.|Stuttgart-Bad Cannstatt|Stuttgart Hbf (tief)|Stuttgart Stadtmitte|Stuttgart Feuersee|Stuttgart Schwabstr.|Stuttgart Universität|Stuttgart-Österfeld,8005776,Stuttgart-Vaihingen,Baden-Württemberg,Stuttgart,70563,9.113913368,48.72698116,3,2605271453,,2605271454,,h,1,Störung,,,,,c,c,29.0,29.0
-6660169013356802205-2605271433-7,7238,2605271450,2605271450,3,,S,S2,Filderstadt|Stuttgart Flughafen/Messe|Echterdingen|Leinfelden|Oberaichen|Stuttgart-Rohr,8005776,Stuttgart-Vaihingen,Baden-Württemberg,Stuttgart,70563,9.113913368,48.72698116,3,2605271450,,2605271450,,h,1,Störung,,,,,,,0.0,0.0
7004552740739658779-2605271350-21,7139,2605271449,2605271450,1,,S,S1,Kirchheim(Teck)|Kirchheim(Teck)-Ötlingen|Wendlingen(Neckar)|Wernau(Neckar)|Plochingen|Altbach|Esslingen-Zell|Oberesslingen|Esslingen(Neckar)|Esslingen-Mettingen|Stuttgart-Obertürkheim|Stuttgart-Untertürkheim|Stuttgart Neckarpark|Stuttgart-Bad Cannstatt|Stuttgart Hbf (tief)|Stuttgart Stadtmitte|Stuttgart Feuersee|Stuttgart Schwabstr.|Stuttgart Universität|Stuttgart-Österfeld,8005776,Stuttgart-Vaihingen,Baden-Württemberg,Stuttgart,70563,9.113913368,48.72698116,3,2605271459,3,2605271501,3,h,1,Störung,,,,,,,10.0,11.0
-41822505101306185-2605271400-1,7336,,2605271400,,,S,S3,,8005776,Stuttgart-Vaihingen,Baden-Württemberg,Stuttgart,70563,9.113913368,48.72698116,3,,,2605271400,,h,1,Störung,,,,,,,0.0,0.0
-5316665284018315725-2605271412-10,7636,2605271433,2605271433,1,,S,S6,Stuttgart Schwabstr.|Stuttgart Feuersee|Stuttgart Stadtmitte|Stuttgart Hbf (tief)|Stuttgart Nordbahnhof|Stuttgart-Feuerbach|Stuttgart-Zuffenhausen|Neuwirtshaus(Porscheplatz)|Korntal,8006268,Stuttgart-Weilimdorf,Baden-Württemberg,Stuttgart,70499,9.094370086,48.82208429,5,2605271433,,2605271434,,h,1,Störung,,,,,,,0.0,1.0
1188384783134199026-2605271342-10,7634,2605271403,2605271403,1,,S,S6,Stuttgart Schwabstr.|Stuttgart Feuersee|Stuttgart Stadtmitte|Stuttgart Hbf (tief)|Stuttgart Nordbahnhof|Stuttgart-Feuerbach|Stuttgart-Zuffenhausen|Neuwirtshaus(Porscheplatz)|Korntal,8006268,Stuttgart-Weilimdorf,Baden-Württemberg,Stuttgart,70499,9.094370086,48.82208429,5,2605271403,,2605271403,,,,,,,,,,,0.0,0.0
-4327327279162025655-2605271433-8,7641,2605271456,2605271456,2,,S,S6,Weil der Stadt|Malmsheim|Renningen|Rutesheim|Leonberg|Höfingen|Ditzingen,8006268,Stuttgart-Weilimdorf,Baden-Württemberg,Stuttgart,70499,9.094370086,48.82208429,5,2605271512,,2605271512,,h,1,Störung,,,,,,,16.0,16.0
-2645153808296859604-2605271403-8,7639,2605271426,2605271426,2,,S,S6,Weil der Stadt|Malmsheim|Renningen|Rutesheim|Leonberg|Höfingen|Ditzingen,8006268,Stuttgart-Weilimdorf,Baden-Württemberg,Stuttgart,70499,9.094370086,48.82208429,5,2605271434,,2605271434,,h,1,Störung,,,,,,,8.0,8.0
-8228587515374315120-2605271352-7,7536,2605271406,2605271407,4,,S,S5,Stuttgart Schwabstr.|Stuttgart Feuersee|Stuttgart Stadtmitte|Stuttgart Hbf (tief)|Stuttgart Nordbahnhof|Stuttgart-Feuerbach,8005778,Stuttgart-Zuffenhausen,Baden-Württemberg,Stuttgart,70435,9.167156375,48.82960884,3,2605271406,,2605271407,,,,,,,,,,,0.0,0.0
-4819270473812152373-2605271417-7,28406,2605271431,2605271432,4,,S,S4,Stuttgart Schwabstr.|Stuttgart Feuersee|Stuttgart Stadtmitte|Stuttgart Hbf (tief)|Stuttgart Nordbahnhof|Stuttgart-Feuerbach,8005778,Stuttgart-Zuffenhausen,Baden-Württemberg,Stuttgart,70435,9.167156375,48.82960884,3,2605271444,,2605271444,,h,1,Störung,,,,,,,13.0,12.0
7531750134200071940-2605271347-7,28404,2605271401,2605271402,4,,S,S4,Stuttgart Schwabstr.|Stuttgart Feuersee|Stuttgart Stadtmitte|Stuttgart Hbf (tief)|Stuttgart Nordbahnhof|Stuttgart-Feuerbach,8005778,Stuttgart-Zuffenhausen,Baden-Württemberg,Stuttgart,70435,9.167156375,48.82960884,3,2605271401,,2605271402,,,,,,,,,,,0.0,0.0
7922855139158603560-2605271407-6,7539,2605271423,2605271424,2,,S,S5,Bietigheim-Bissingen|Tamm(Württ)|Asperg|Ludwigsburg|Kornwestheim Pbf,8005778,Stuttgart-Zuffenhausen,Baden-Württemberg,Stuttgart,70435,9.167156375,48.82960884,3,2605271425,,2605271427,,h,1,Störung,,,,,,,2.0,3.0
-2716364704866871625-2605271410-7,28403,2605271428,2605271429,2,,S,S4,Marbach(Neckar)|Benningen(Neckar)|Freiberg(Neckar)|Favoritepark|Ludwigsburg|Kornwestheim Pbf,8005778,Stuttgart-Zuffenhausen,Baden-Württemberg,Stuttgart,70435,9.167156375,48.82960884,3,2605271429,,2605271430,,h,1,Störung,,,,,,,1.0,1.0
-6549272114727686147-2605271403-11,7439,2605271443,2605271444,2,,S,S4,Backnang|Burgstall(Murr)|Kirchberg(Murr)|Erdmannhausen|Marbach(Neckar)|Benningen(Neckar)|Freiberg(Neckar)|Favoritepark|Ludwigsburg|Kornwestheim Pbf,8005778,Stuttgart-Zuffenhausen,Baden-Württemberg,Stuttgart,70435,9.167156375,48.82960884,3,2605271500,,2605271501,,h,1,Störung,,,,,,,17.0,17.0
-5316665284018315725-2605271412-7,7636,2605271426,2605271427,11,,S,S6,Stuttgart Schwabstr.|Stuttgart Feuersee|Stuttgart Stadtmitte|Stuttgart Hbf (tief)|Stuttgart Nordbahnhof|Stuttgart-Feuerbach,8005778,Stuttgart-Zuffenhausen,Baden-Württemberg,Stuttgart,70435,9.167156375,48.82960884,3,2605271427,,2605271427,,h,1,Störung,,,,,,,1.0,0.0
6483046306664196939-2605271437-7,28474,2605271451,2605271452,4,,S,S5,Stuttgart Schwabstr.|Stuttgart Feuersee|Stuttgart Stadtmitte|Stuttgart Hbf (tief)|Stuttgart Nordbahnhof|Stuttgart-Feuerbach,8005778,Stuttgart-Zuffenhausen,Baden-Württemberg,Stuttgart,70435,9.167156375,48.82960884,3,2605271451,,2605271452,12,h,1,Störung,,,,,c,,0.0,0.0
-6501025132250133137-2605271432-7,7436,2605271446,2605271447,4,,S,S4,Stuttgart Schwabstr.|Stuttgart Feuersee|Stuttgart Stadtmitte|Stuttgart Hbf (tief)|Stuttgart Nordbahnhof|Stuttgart-Feuerbach,8005778,Stuttgart-Zuffenhausen,Baden-Württemberg,Stuttgart,70435,9.167156375,48.82960884,3,2605271449,,2605271451,,h,1,Störung,,,,,,,3.0,4.0
-8102573765579059783-2605271440-7,28405,2605271458,2605271459,2,,S,S4,Marbach(Neckar)|Benningen(Neckar)|Freiberg(Neckar)|Favoritepark|Ludwigsburg|Kornwestheim Pbf,8005778,Stuttgart-Zuffenhausen,Baden-Württemberg,Stuttgart,70435,9.167156375,48.82960884,3,2605271503,,2605271503,,h,1,Störung,,,,,,,5.0,4.0
-2744660321086161380-2605271422-6,28475,2605271438,2605271439,2,,S,S5,Bietigheim-Bissingen|Tamm(Württ)|Asperg|Ludwigsburg|Kornwestheim Pbf,8005778,Stuttgart-Zuffenhausen,Baden-Württemberg,Stuttgart,70435,9.167156375,48.82960884,3,2605271439,,2605271440,,h,1,Störung,,,,,,,1.0,1.0
-6618548157105238962-2605271333-11,7637,2605271403,2605271404,12,,S,S6,Weil der Stadt|Malmsheim|Renningen|Rutesheim|Leonberg|Höfingen|Ditzingen|Weilimdorf|Korntal|Neuwirtshaus(Porscheplatz),8005778,Stuttgart-Zuffenhausen,Baden-Württemberg,Stuttgart,70435,9.167156375,48.82960884,3,2605271404,,2605271404,,h,1,Störung,,,,,,,1.0,0.0
1310498941862652561-2605271402-7,7434,2605271416,2605271417,4,,S,S4,Stuttgart Schwabstr.|Stuttgart Feuersee|Stuttgart Stadtmitte|Stuttgart Hbf (tief)|Stuttgart Nordbahnhof|Stuttgart-Feuerbach,8005778,Stuttgart-Zuffenhausen,Baden-Württemberg,Stuttgart,70435,9.167156375,48.82960884,3,2605271417,,2605271418,,h,1,Störung,,,,,,,1.0,1.0
3829718457082671082-2605271437-6,7541,2605271453,2605271454,2,,S,S5,Bietigheim-Bissingen|Tamm(Württ)|Asperg|Ludwigsburg|Kornwestheim Pbf,8005778,Stuttgart-Zuffenhausen,Baden-Württemberg,Stuttgart,70435,9.167156375,48.82960884,3,2605271455,,2605271456,,h,1,Störung,,,,,,,2.0,2.0
-5265875940213227637-2605271352-6,28473,2605271408,2605271409,2,,S,S5,Bietigheim-Bissingen|Tamm(Württ)|Asperg|Ludwigsburg|Kornwestheim Pbf,8005778,Stuttgart-Zuffenhausen,Baden-Württemberg,Stuttgart,70435,9.167156375,48.82960884,3,2605271410,,2605271410,,h,1,Störung,,,,,,,2.0,1.0
3618335699656372385-2605271333-11,7437,2605271413,2605271414,2,,S,S4,Backnang|Burgstall(Murr)|Kirchberg(Murr)|Erdmannhausen|Marbach(Neckar)|Benningen(Neckar)|Freiberg(Neckar)|Favoritepark|Ludwigsburg|Kornwestheim Pbf,8005778,Stuttgart-Zuffenhausen,Baden-Württemberg,Stuttgart,70435,9.167156375,48.82960884,3,2605271417,12,2605271417,2,h,1,Störung,,,,,,c,4.0,3.0
-2645153808296859604-2605271403-11,7639,2605271433,2605271434,12,,S,S6,Weil der Stadt|Malmsheim|Renningen|Rutesheim|Leonberg|Höfingen|Ditzingen|Weilimdorf|Korntal|Neuwirtshaus(Porscheplatz),8005778,Stuttgart-Zuffenhausen,Baden-Württemberg,Stuttgart,70435,9.167156375,48.82960884,3,2605271442,,2605271443,,h,1,Störung,,,,,,,9.0,9.0
5479979498154291155-2605271422-7,7538,2605271436,2605271437,4,,S,S5,Stuttgart Schwabstr.|Stuttgart Feuersee|Stuttgart Stadtmitte|Stuttgart Hbf (tief)|Stuttgart Nordbahnhof|Stuttgart-Feuerbach,8005778,Stuttgart-Zuffenhausen,Baden-Württemberg,Stuttgart,70435,9.167156375,48.82960884,3,2605271437,,2605271438,,h,1,Störung,,,,,,,1.0,1.0
-5544791981213765004-2605271442-7,7638,2605271456,2605271457,11,,S,S6,Stuttgart Schwabstr.|Stuttgart Feuersee|Stuttgart Stadtmitte|Stuttgart Hbf (tief)|Stuttgart Nordbahnhof|Stuttgart-Feuerbach,8005778,Stuttgart-Zuffenhausen,Baden-Württemberg,Stuttgart,70435,9.167156375,48.82960884,3,2605271456,,2605271457,,h,1,Störung,,,,,,,0.0,0.0
5825878238612075562-2605271407-7,28472,2605271421,2605271422,4,,S,S5,Stuttgart Schwabstr.|Stuttgart Feuersee|Stuttgart Stadtmitte|Stuttgart Hbf (tief)|Stuttgart Nordbahnhof|Stuttgart-Feuerbach,8005778,Stuttgart-Zuffenhausen,Baden-Württemberg,Stuttgart,70435,9.167156375,48.82960884,3,2605271421,,2605271422,,h,1,Störung,,,,,,,0.0,0.0
3367245875496540984-2605271452-2,28477,2605271455,2605271455,2,,S,S5,Bietigheim-Bissingen,8005820,Tamm (Württ),Baden-Württemberg,Tamm,71732,9.125288012,48.92187736,4,2605271455,,2605271455,,h,1,Störung,,,,,,,0.0,0.0
-8228587515374315120-2605271352-11,7536,2605271419,2605271420,3,,S,S5,Stuttgart Schwabstr.|Stuttgart Feuersee|Stuttgart Stadtmitte|Stuttgart Hbf (tief)|Stuttgart Nordbahnhof|Stuttgart-Feuerbach|Stuttgart-Zuffenhausen|Kornwestheim Pbf|Ludwigsburg|Asperg,8005820,Tamm (Württ),Baden-Württemberg,Tamm,71732,9.125288012,48.92187736,4,2605271420,,2605271420,,,,,,,,,,,1.0,0.0
-3085481889421354950-2605271337-11,28470,2605271404,2605271405,3,,S,S5,Stuttgart Schwabstr.|Stuttgart Feuersee|Stuttgart Stadtmitte|Stuttgart Hbf (tief)|Stuttgart Nordbahnhof|Stuttgart-Feuerbach|Stuttgart-Zuffenhausen|Kornwestheim Pbf|Ludwigsburg|Asperg,8005820,Tamm (Württ),Baden-Württemberg,Tamm,71732,9.125288012,48.92187736,4,2605271405,,2605271405,,,,,,,,,,,1.0,0.0
7922855139158603560-2605271407-2,7539,2605271410,2605271410,2,,S,S5,Bietigheim-Bissingen,8005820,Tamm (Württ),Baden-Württemberg,Tamm,71732,9.125288012,48.92187736,4,2605271410,,2605271410,,h,1,Störung,,,,,,,0.0,0.0
-2744660321086161380-2605271422-2,28475,2605271425,2605271425,2,,S,S5,Bietigheim-Bissingen,8005820,Tamm (Württ),Baden-Württemberg,Tamm,71732,9.125288012,48.92187736,4,2605271425,,2605271425,,h,1,Störung,,,,,,,0.0,0.0
3829718457082671082-2605271437-2,7541,2605271440,2605271440,2,,S,S5,Bietigheim-Bissingen,8005820,Tamm (Württ),Baden-Württemberg,Tamm,71732,9.125288012,48.92187736,4,2605271440,,2605271440,,h,1,Störung,,,,,,,0.0,0.0
5479979498154291155-2605271422-11,7538,2605271449,2605271450,3,,S,S5,Stuttgart Schwabstr.|Stuttgart Feuersee|Stuttgart Stadtmitte|Stuttgart Hbf (tief)|Stuttgart Nordbahnhof|Stuttgart-Feuerbach|Stuttgart-Zuffenhausen|Kornwestheim Pbf|Ludwigsburg|Asperg,8005820,Tamm (Württ),Baden-Württemberg,Tamm,71732,9.125288012,48.92187736,4,2605271451,,2605271451,,h,1,Störung,,,,,,,2.0,1.0
5825878238612075562-2605271407-11,28472,2605271434,2605271435,3,,S,S5,Stuttgart Schwabstr.|Stuttgart Feuersee|Stuttgart Stadtmitte|Stuttgart Hbf (tief)|Stuttgart Nordbahnhof|Stuttgart-Feuerbach|Stuttgart-Zuffenhausen|Kornwestheim Pbf|Ludwigsburg|Asperg,8005820,Tamm (Württ),Baden-Württemberg,Tamm,71732,9.125288012,48.92187736,4,2605271434,,2605271435,,h,1,Störung,,,,,,,0.0,0.0
-8630800119482065054-2605271433-10,7837,2605271454,2605271455,5,,S,S2,Schorndorf|Weiler(Rems)|Winterbach(b Schorndorf)|Geradstetten|Grunbach|Beutelsbach|Endersbach|Stetten-Beinstein|Rommelshausen,8000180,Waiblingen,Baden-Württemberg,Waiblingen,71332,9.300476874,48.8262444,3,2605271454,,2605271455,,h,1,Störung,,,,,,,0.0,0.0
6554930112927852478-2605271411-7,7339,2605271429,2605271430,1,,S,S3,Backnang|Maubach|Nellmersbach|Winnenden|Schwaikheim|Neustadt-Hohenacker,8000180,Waiblingen,Baden-Württemberg,Waiblingen,71332,9.300476874,48.8262444,3,2605271431,,2605271434,,h,1,Störung,,,,,,,2.0,4.0
8032892222796118695-2605271347-3,19419,2605271402,2605271402,6,,ARV,MEX13,Stuttgart Hbf|Stuttgart-Bad Cannstatt,8000180,Waiblingen,Baden-Württemberg,Waiblingen,71332,9.300476874,48.8262444,3,2605271404,7,2605271404,7,,,,,,,,,,2.0,2.0
8170145498793456279-2605271354-3,17531,2605271406,2605271407,3,,RE,MEX90,Stuttgart Hbf|Stuttgart-Bad Cannstatt,8000180,Waiblingen,Baden-Württemberg,Waiblingen,71332,9.300476874,48.8262444,3,2605271406,,2605271407,,,,,,,,,,,0.0,0.0
-5065266161330824658-2605271348-18,7836,2605271434,2605271435,7,,S,S2,Filderstadt|Stuttgart Flughafen/Messe|Echterdingen|Leinfelden|Oberaichen|Stuttgart-Rohr|Stuttgart-Vaihingen|Stuttgart-Österfeld|Stuttgart Universität|Stuttgart Schwabstr.|Stuttgart Feuersee|Stuttgart Stadtmitte|Stuttgart Hbf (tief)|Stuttgart-Bad Cannstatt|Stuttgart Nürnberger Str.|Stuttgart-Sommerrain|Fellbach,8000180,Waiblingen,Baden-Württemberg,Waiblingen,71332,9.300476874,48.8262444,3,2605271437,,2605271437,,h,1,Störung,,,,,,,3.0,2.0
-955797221433152779-2605271333-18,7234,2605271419,2605271420,7,,S,S2,Filderstadt|Stuttgart Flughafen/Messe|Echterdingen|Leinfelden|Oberaichen|Stuttgart-Rohr|Stuttgart-Vaihingen|Stuttgart-Österfeld|Stuttgart Universität|Stuttgart Schwabstr.|Stuttgart Feuersee|Stuttgart Stadtmitte|Stuttgart Hbf (tief)|Stuttgart-Bad Cannstatt|Stuttgart Nürnberger Str.|Stuttgart-Sommerrain|Fellbach,8000180,Waiblingen,Baden-Württemberg,Waiblingen,71332,9.300476874,48.8262444,3,2605271422,,2605271423,,h,1,Störung,,,,,,,3.0,3.0
-4213544138721587197-2605271345-12,28332,2605271414,2605271415,3,,S,S3,Stuttgart-Vaihingen|Stuttgart-Österfeld|Stuttgart Universität|Stuttgart Schwabstr.|Stuttgart Feuersee|Stuttgart Stadtmitte|Stuttgart Hbf (tief)|Stuttgart-Bad Cannstatt|Stuttgart Nürnberger Str.|Stuttgart-Sommerrain|Fellbach,8000180,Waiblingen,Baden-Württemberg,Waiblingen,71332,9.300476874,48.8262444,3,2605271414,,2605271415,,,,,,,,,,,0.0,0.0
-1157059812177875045-2605271356-7,28333,2605271414,2605271415,1,,S,S3,Backnang|Maubach|Nellmersbach|Winnenden|Schwaikheim|Neustadt-Hohenacker,8000180,Waiblingen,Baden-Württemberg,Waiblingen,71332,9.300476874,48.8262444,3,2605271415,,2605271422,,h,1,Störung,,,,,,,1.0,7.0
6090349839205683457-2605271311-16,19472,2605271428,2605271428,6,,ARV,MEX13,Ellwangen|Schrezheim|Schwabsberg|Goldshöfe|Hofen(b Aalen)|Wasseralfingen|Aalen Hbf|Mögglingen(Gmünd)|Böbingen(Rems)|Schwäbisch Gmünd|Lorch(Württ)|Waldhausen(b Schorndorf)|Plüderhausen|Urbach(b Schorndorf)|Schorndorf,8000180,Waiblingen,Baden-Württemberg,Waiblingen,71332,9.300476874,48.8262444,3,2605271430,,2605271430,,,,,,,,,,,2.0,2.0
-5955272615429035569-2605271418-10,7241,2605271439,2605271440,5,,S,S2,Schorndorf|Weiler(Rems)|Winterbach(b Schorndorf)|Geradstetten|Grunbach|Beutelsbach|Endersbach|Stetten-Beinstein|Rommelshausen,8000180,Waiblingen,Baden-Württemberg,Waiblingen,71332,9.300476874,48.8262444,3,2605271440,,2605271440,,h,1,Störung,,,,,,,1.0,0.0
-8059892926335795903-2605271348-10,7239,2605271409,2605271410,5,,S,S2,Schorndorf|Weiler(Rems)|Winterbach(b Schorndorf)|Geradstetten|Grunbach|Beutelsbach|Endersbach|Stetten-Beinstein|Rommelshausen,8000180,Waiblingen,Baden-Württemberg,Waiblingen,71332,9.300476874,48.8262444,3,2605271409,,2605271410,,h,1,Störung,,,,,,,0.0,0.0
959092593719343738-2605271426-7,28335,2605271444,2605271445,1,,S,S3,Backnang|Maubach|Nellmersbach|Winnenden|Schwaikheim|Neustadt-Hohenacker,8000180,Waiblingen,Baden-Württemberg,Waiblingen,71332,9.300476874,48.8262444,3,2605271444,,2605271445,,h,1,Störung,,,,,,,0.0,0.0
-7901739776993152202-2605271330-12,7334,2605271359,2605271400,3,,S,S3,Stuttgart-Vaihingen|Stuttgart-Österfeld|Stuttgart Universität|Stuttgart Schwabstr.|Stuttgart Feuersee|Stuttgart Stadtmitte|Stuttgart Hbf (tief)|Stuttgart-Bad Cannstatt|Stuttgart Nürnberger Str.|Stuttgart-Sommerrain|Fellbach,8000180,Waiblingen,Baden-Württemberg,Waiblingen,71332,9.300476874,48.8262444,3,2605271400,,2605271400,,,,,,,,,,,1.0,0.0
3892636712455777835-2605271318-18,7834,2605271404,2605271405,7,,S,S2,Filderstadt|Stuttgart Flughafen/Messe|Echterdingen|Leinfelden|Oberaichen|Stuttgart-Rohr|Stuttgart-Vaihingen|Stuttgart-Österfeld|Stuttgart Universität|Stuttgart Schwabstr.|Stuttgart Feuersee|Stuttgart Stadtmitte|Stuttgart Hbf (tief)|Stuttgart-Bad Cannstatt|Stuttgart Nürnberger Str.|Stuttgart-Sommerrain|Fellbach,8000180,Waiblingen,Baden-Württemberg,Waiblingen,71332,9.300476874,48.8262444,3,2605271407,,2605271407,,,,,,,,,,,3.0,2.0
7968101357330466259-2605271332-9,17536,2605271420,2605271421,1,,RB,MEX19,Gaildorf West|Fichtenberg|Fornsbach|Murrhardt|Sulzbach(Murr)|Oppenweiler(Württ)|Backnang|Winnenden,8000180,Waiblingen,Baden-Württemberg,Waiblingen,71332,9.300476874,48.8262444,3,2605271426,,2605271427,,,,,,,,,,,6.0,6.0
4534703989086356326-2605271341-7,7337,2605271359,2605271400,1,,S,S3,Backnang|Maubach|Nellmersbach|Winnenden|Schwaikheim|Neustadt-Hohenacker,8000180,Waiblingen,Baden-Württemberg,Waiblingen,71332,9.300476874,48.8262444,3,2605271401,,2605271401,,h,1,Störung,,,,,,,2.0,1.0
-5789469067235984637-2605271430-12,7338,2605271459,2605271500,3,,S,S3,Stuttgart-Vaihingen|Stuttgart-Österfeld|Stuttgart Universität|Stuttgart Schwabstr.|Stuttgart Feuersee|Stuttgart Stadtmitte|Stuttgart Hbf (tief)|Stuttgart-Bad Cannstatt|Stuttgart Nürnberger Str.|Stuttgart-Sommerrain|Fellbach,8000180,Waiblingen,Baden-Württemberg,Waiblingen,71332,9.300476874,48.8262444,3,2605271503,,2605271503,,h,1,Störung,,,,,,,4.0,3.0
-8962126915234620710-2605271441-7,7341,2605271459,2605271500,1,,S,S3,Backnang|Maubach|Nellmersbach|Winnenden|Schwaikheim|Neustadt-Hohenacker,8000180,Waiblingen,Baden-Württemberg,Waiblingen,71332,9.300476874,48.8262444,3,2605271500,,2605271501,,h,1,Störung,,,,,,,1.0,1.0
-6789865072698659382-2605271407-10,19424,2605271458,2605271458,6,,ARV,MEX13,Aalen Hbf|Mögglingen(Gmünd)|Böbingen(Rems)|Schwäbisch Gmünd|Lorch(Württ)|Waldhausen(b Schorndorf)|Plüderhausen|Urbach(b Schorndorf)|Schorndorf,8000180,Waiblingen,Baden-Württemberg,Waiblingen,71332,9.300476874,48.8262444,3,2605271459,,2605271459,,,,,,,,,,,1.0,1.0
988265121258628834-2605271403-10,7835,2605271424,2605271425,5,,S,S2,Schorndorf|Weiler(Rems)|Winterbach(b Schorndorf)|Geradstetten|Grunbach|Beutelsbach|Endersbach|Stetten-Beinstein|Rommelshausen,8000180,Waiblingen,Baden-Württemberg,Waiblingen,71332,9.300476874,48.8262444,3,2605271426,,2605271432,,h,1,Störung,,,,,,,2.0,7.0
63052419890451744-2605271420-3,19471,2605271432,2605271432,6,,ARV,MEX13,Stuttgart Hbf|Stuttgart-Bad Cannstatt,8000180,Waiblingen,Baden-Württemberg,Waiblingen,71332,9.300476874,48.8262444,3,2605271433,,2605271434,,,,,,,,,,,1.0,2.0
3573720910347828828-2605271415-12,28334,2605271444,2605271445,3,,S,S3,Stuttgart-Vaihingen|Stuttgart-Österfeld|Stuttgart Universität|Stuttgart Schwabstr.|Stuttgart Feuersee|Stuttgart Stadtmitte|Stuttgart Hbf (tief)|Stuttgart-Bad Cannstatt|Stuttgart Nürnberger Str.|Stuttgart-Sommerrain|Fellbach,8000180,Waiblingen,Baden-Württemberg,Waiblingen,71332,9.300476874,48.8262444,3,2605271449,,2605271449,,h,1,Störung,,,,,,,5.0,4.0
-7476481686954670934-2605271403-18,7236,2605271449,2605271450,7,,S,S2,Filderstadt|Stuttgart Flughafen/Messe|Echterdingen|Leinfelden|Oberaichen|Stuttgart-Rohr|Stuttgart-Vaihingen|Stuttgart-Österfeld|Stuttgart Universität|Stuttgart Schwabstr.|Stuttgart Feuersee|Stuttgart Stadtmitte|Stuttgart Hbf (tief)|Stuttgart-Bad Cannstatt|Stuttgart Nürnberger Str.|Stuttgart-Sommerrain|Fellbach,8000180,Waiblingen,Baden-Württemberg,Waiblingen,71332,9.300476874,48.8262444,3,2605271456,,2605271457,,h,1,Störung,,,,,,,7.0,7.0
2656037465984484316-2605271426-3,17533,2605271437,2605271438,3,,RB,MEX19,Stuttgart Hbf|Stuttgart-Bad Cannstatt,8000180,Waiblingen,Baden-Württemberg,Waiblingen,71332,9.300476874,48.8262444,3,2605271438,,2605271439,,,,,,,,,,,1.0,1.0
-8805988878202978923-2605271233-19,89686,2605271451,2605271452,1,,ARV,RE90,Nürnberg Hbf|Roßtal|Heilsbronn|Wicklesgreuth|Ansbach|Leutershausen-Wiedersbach|Dombühl|Schnelldorf|Crailsheim|Eckartshausen-Ilshofen|Schwäbisch Hall-Hessental|Gaildorf West|Fichtenberg|Murrhardt|Sulzbach(Murr)|Oppenweiler(Württ)|Backnang|Winnenden,8000180,Waiblingen,Baden-Württemberg,Waiblingen,71332,9.300476874,48.8262444,3,2605271452,,2605271453,,h,2,Information,,,,,,,1.0,1.0
-41822505101306185-2605271400-12,7336,2605271429,2605271430,3,,S,S3,Stuttgart-Vaihingen|Stuttgart-Österfeld|Stuttgart Universität|Stuttgart Schwabstr.|Stuttgart Feuersee|Stuttgart Stadtmitte|Stuttgart Hbf (tief)|Stuttgart-Bad Cannstatt|Stuttgart Nürnberger Str.|Stuttgart-Sommerrain|Fellbach,8000180,Waiblingen,Baden-Württemberg,Waiblingen,71332,9.300476874,48.8262444,3,2605271432,,2605271432,,h,1,Störung,,,,,,,3.0,2.0
8734408661891254374-2605271406-1,26156,,2605271406,,,SWE,RB76,,8006271,Weil der Stadt,Baden-Württemberg,Weil der Stadt,71263,8.873189074,48.7557357,4,,,2605271406,,,,,,,,,,,0.0,0.0
-2243266642354927912-2605271434-5,26159,2605271457,,141,,SWE,,Calw|Calw-Heumaden|Althengstett|Ostelsheim,8006271,Weil der Stadt,Baden-Württemberg,Weil der Stadt,71263,8.873189074,48.7557357,4,2605271457,,,,,,,,,,,,,0.0,0.0
-5316665284018315725-2605271412-17,7636,2605271457,,2,,S,,Stuttgart Schwabstr.|Stuttgart Feuersee|Stuttgart Stadtmitte|Stuttgart Hbf (tief)|Stuttgart Nordbahnhof|Stuttgart-Feuerbach|Stuttgart-Zuffenhausen|Neuwirtshaus(Porscheplatz)|Korntal|Weilimdorf|Ditzingen|Höfingen|Leonberg|Rutesheim|Renningen|Malmsheim,8006271,Weil der Stadt,Baden-Württemberg,Weil der Stadt,71263,8.873189074,48.7557357,4,2605271516,,,,h,1,Störung,,,,,,,19.0,0.0
1188384783134199026-2605271342-17,7634,2605271427,,2,,S,,Stuttgart Schwabstr.|Stuttgart Feuersee|Stuttgart Stadtmitte|Stuttgart Hbf (tief)|Stuttgart Nordbahnhof|Stuttgart-Feuerbach|Stuttgart-Zuffenhausen|Neuwirtshaus(Porscheplatz)|Korntal|Weilimdorf|Ditzingen|Höfingen|Leonberg|Rutesheim|Renningen|Malmsheim,8006271,Weil der Stadt,Baden-Württemberg,Weil der Stadt,71263,8.873189074,48.7557357,4,2605271437,,,,,,,,,,,,,10.0,0.0
-4327327279162025655-2605271433-1,7641,,2605271433,,,S,S6,,8006271,Weil der Stadt,Baden-Württemberg,Weil der Stadt,71263,8.873189074,48.7557357,4,,,2605271439,,h,1,Störung,,,,,,,0.0,6.0
-2645153808296859604-2605271403-1,7639,,2605271403,,,S,S6,,8006271,Weil der Stadt,Baden-Württemberg,Weil der Stadt,71263,8.873189074,48.7557357,4,,,2605271406,,h,1,Störung,,,,,,,0.0,3.0
-8630800119482065054-2605271433-2,7837,2605271436,2605271436,2,,S,S2,Schorndorf,8006277,Weiler (Rems),Baden-Württemberg,Schorndorf,76314,9.501891172,48.80034585,5,2605271436,,2605271436,,h,1,Störung,,,,,,,0.0,0.0
-5065266161330824658-2605271348-26,7836,2605271452,2605271452,1,,S,S2,Filderstadt|Stuttgart Flughafen/Messe|Echterdingen|Leinfelden|Oberaichen|Stuttgart-Rohr|Stuttgart-Vaihingen|Stuttgart-Österfeld|Stuttgart Universität|Stuttgart Schwabstr.|Stuttgart Feuersee|Stuttgart Stadtmitte|Stuttgart Hbf (tief)|Stuttgart-Bad Cannstatt|Stuttgart Nürnberger Str.|Stuttgart-Sommerrain|Fellbach|Waiblingen|Rommelshausen|Stetten-Beinstein|Endersbach|Beutelsbach|Grunbach|Geradstetten|Winterbach(b Schorndorf),8006277,Weiler (Rems),Baden-Württemberg,Schorndorf,76314,9.501891172,48.80034585,5,2605271454,,2605271454,,h,1,Störung,,,,,,,2.0,2.0
-955797221433152779-2605271333-26,7234,2605271437,2605271437,1,,S,S2,Filderstadt|Stuttgart Flughafen/Messe|Echterdingen|Leinfelden|Oberaichen|Stuttgart-Rohr|Stuttgart-Vaihingen|Stuttgart-Österfeld|Stuttgart Universität|Stuttgart Schwabstr.|Stuttgart Feuersee|Stuttgart Stadtmitte|Stuttgart Hbf (tief)|Stuttgart-Bad Cannstatt|Stuttgart Nürnberger Str.|Stuttgart-Sommerrain|Fellbach|Waiblingen|Rommelshausen|Stetten-Beinstein|Endersbach|Beutelsbach|Grunbach|Geradstetten|Winterbach(b Schorndorf),8006277,Weiler (Rems),Baden-Württemberg,Schorndorf,76314,9.501891172,48.80034585,5,2605271439,,2605271440,,h,1,Störung,,,,,,,2.0,3.0
-5955272615429035569-2605271418-2,7241,2605271421,2605271421,2,,S,S2,Schorndorf,8006277,Weiler (Rems),Baden-Württemberg,Schorndorf,76314,9.501891172,48.80034585,5,2605271421,,2605271422,,h,1,Störung,,,,,,,0.0,1.0
3892636712455777835-2605271318-26,7834,2605271422,2605271422,1,,S,S2,Filderstadt|Stuttgart Flughafen/Messe|Echterdingen|Leinfelden|Oberaichen|Stuttgart-Rohr|Stuttgart-Vaihingen|Stuttgart-Österfeld|Stuttgart Universität|Stuttgart Schwabstr.|Stuttgart Feuersee|Stuttgart Stadtmitte|Stuttgart Hbf (tief)|Stuttgart-Bad Cannstatt|Stuttgart Nürnberger Str.|Stuttgart-Sommerrain|Fellbach|Waiblingen|Rommelshausen|Stetten-Beinstein|Endersbach|Beutelsbach|Grunbach|Geradstetten|Winterbach(b Schorndorf),8006277,Weiler (Rems),Baden-Württemberg,Schorndorf,76314,9.501891172,48.80034585,5,2605271424,,2605271424,,,,,,,,,,,2.0,2.0
7595320018735091452-2605271303-26,7232,2605271407,2605271407,1,,S,S2,Filderstadt|Stuttgart Flughafen/Messe|Echterdingen|Leinfelden|Oberaichen|Stuttgart-Rohr|Stuttgart-Vaihingen|Stuttgart-Österfeld|Stuttgart Universität|Stuttgart Schwabstr.|Stuttgart Feuersee|Stuttgart Stadtmitte|Stuttgart Hbf (tief)|Stuttgart-Bad Cannstatt|Stuttgart Nürnberger Str.|Stuttgart-Sommerrain|Fellbach|Waiblingen|Rommelshausen|Stetten-Beinstein|Endersbach|Beutelsbach|Grunbach|Geradstetten|Winterbach(b Schorndorf),8006277,Weiler (Rems),Baden-Württemberg,Schorndorf,76314,9.501891172,48.80034585,5,2605271408,,2605271408,,,,,,,,,,,1.0,1.0
-3934810304618796517-2605271448-2,7243,2605271451,2605271451,2,,S,S2,Schorndorf,8006277,Weiler (Rems),Baden-Württemberg,Schorndorf,76314,9.501891172,48.80034585,5,2605271451,,2605271451,,h,1,Störung,,,,,,,0.0,0.0
988265121258628834-2605271403-2,7835,2605271406,2605271406,2,,S,S2,Schorndorf,8006277,Weiler (Rems),Baden-Württemberg,Schorndorf,76314,9.501891172,48.80034585,5,2605271407,,2605271408,,h,1,Störung,,,,,,,1.0,2.0
6860077973327279202-2605271316-27,7136,2605271432,2605271433,11,,S,S1,Herrenberg|Nufringen|Gärtringen|Ehningen(b Böblingen)|Hulb|Böblingen|Goldberg(Württ)|Stuttgart-Rohr|Stuttgart-Vaihingen|Stuttgart-Österfeld|Stuttgart Universität|Stuttgart Schwabstr.|Stuttgart Feuersee|Stuttgart Stadtmitte|Stuttgart Hbf (tief)|Stuttgart-Bad Cannstatt|Stuttgart Neckarpark|Stuttgart-Untertürkheim|Stuttgart-Obertürkheim|Esslingen-Mettingen|Esslingen(Neckar)|Oberesslingen|Esslingen-Zell|Altbach|Plochingen|Wernau(Neckar),8006331,Wendlingen (Neckar),Baden-Württemberg,Wendlingen am Neckar,73240,9.373662098,48.67368917,3,2605271433,,2605271433,,,,,,,,,,,1.0,0.0
-1452752995450361803-2605271429-3,16060,2605271459,,3,,RE,,Ulm Hbf|Merklingen - Schwäbische Alb,8006331,Wendlingen (Neckar),Baden-Württemberg,Wendlingen am Neckar,73240,9.373662098,48.67368917,3,2605271458,,,,h,2,Störung,,,,,,,-1.0,0.0
-5490041423935091879-2605271246-27,7134,2605271402,2605271403,11,,S,S1,Herrenberg|Nufringen|Gärtringen|Ehningen(b Böblingen)|Hulb|Böblingen|Goldberg(Württ)|Stuttgart-Rohr|Stuttgart-Vaihingen|Stuttgart-Österfeld|Stuttgart Universität|Stuttgart Schwabstr.|Stuttgart Feuersee|Stuttgart Stadtmitte|Stuttgart Hbf (tief)|Stuttgart-Bad Cannstatt|Stuttgart Neckarpark|Stuttgart-Untertürkheim|Stuttgart-Obertürkheim|Esslingen-Mettingen|Esslingen(Neckar)|Oberesslingen|Esslingen-Zell|Altbach|Plochingen|Wernau(Neckar),8006331,Wendlingen (Neckar),Baden-Württemberg,Wendlingen am Neckar,73240,9.373662098,48.67368917,3,2605271402,,2605271403,,,,,,,,,,,0.0,0.0
8633251930679828811-2605271236-26,19321,2605271450,2605271451,2,,RE,MEX18,Osterburken|Adelsheim Ost|Sennfeld|Roigheim|Möckmühl|Züttlingen|Siglingen|Neudenau|Herbolzheim(Jagst)|Untergriesheim|Bad Friedrichshall Hbf|Neckarsulm|Heilbronn Sülmertor|Heilbronn Hbf|Nordheim(Württ)|Lauffen(Neckar)|Kirchheim(Neckar)|Walheim(Württ)|Besigheim|Bietigheim-Bissingen|Ludwigsburg|Stuttgart Hbf|Stuttgart-Bad Cannstatt|Esslingen(Neckar)|Plochingen,8006331,Wendlingen (Neckar),Baden-Württemberg,Wendlingen am Neckar,73240,9.373662098,48.67368917,3,2605271507,,2605271509,,h,2,Information,,,,,,,17.0,18.0
6234051157455555779-2605271257-13,19225,2605271418,2605271418,2,,RE,MEX12,Heilbronn Hbf|Nordheim(Württ)|Lauffen(Neckar)|Kirchheim(Neckar)|Walheim(Württ)|Besigheim|Bietigheim-Bissingen|Ludwigsburg|Stuttgart Hbf|Stuttgart-Bad Cannstatt|Esslingen(Neckar)|Plochingen,8006331,Wendlingen (Neckar),Baden-Württemberg,Wendlingen am Neckar,73240,9.373662098,48.67368917,3,2605271420,,2605271421,,h,2,Information,,,,,,,2.0,3.0
-6146811774202602760-2605271424-1,16059,,2605271424,,,RE,RE200,,8006331,Wendlingen (Neckar),Baden-Württemberg,Wendlingen am Neckar,73240,9.373662098,48.67368917,3,,,2605271426,,h,2,Störung,,,,,,,0.0,2.0
-275229670537218485-2605271450-3,7143,2605271457,2605271458,12,,S,S1,Kirchheim(Teck)|Kirchheim(Teck)-Ötlingen,8006331,Wendlingen (Neckar),Baden-Württemberg,Wendlingen am Neckar,73240,9.373662098,48.67368917,3,2605271458,,2605271458,,h,1,Störung,,,,,,,1.0,0.0
-435947149290413357-2605271405-7,19234,2605271440,2605271441,1,,RE,MEX12,Tübingen Hbf|Reutlingen Hbf|Metzingen(Württ)|Bempflingen|Nürtingen|Oberboihingen,8006331,Wendlingen (Neckar),Baden-Württemberg,Wendlingen am Neckar,73240,9.373662098,48.67368917,3,2605271439,,2605271441,,h,2,Information,,,,,,,-1.0,0.0
-1544538779323315833-2605271333-5,19320,2605271404,2605271405,1,,RE,MEX18,Tübingen Hbf|Reutlingen Hbf|Metzingen(Württ)|Nürtingen,8006331,Wendlingen (Neckar),Baden-Württemberg,Wendlingen am Neckar,73240,9.373662098,48.67368917,3,2605271405,,2605271406,,h,2,Information,,,,,,,1.0,1.0
7236638317671658556-2605271420-3,7141,2605271427,2605271428,12,,S,S1,Kirchheim(Teck)|Kirchheim(Teck)-Ötlingen,8006331,Wendlingen (Neckar),Baden-Württemberg,Wendlingen am Neckar,73240,9.373662098,48.67368917,3,2605271427,,2605271428,,h,1,Störung,,,,,,,0.0,0.0
6860077973327279202-2605271316-26,7136,2605271428,2605271429,2,,S,S1,Herrenberg|Nufringen|Gärtringen|Ehningen(b Böblingen)|Hulb|Böblingen|Goldberg(Württ)|Stuttgart-Rohr|Stuttgart-Vaihingen|Stuttgart-Österfeld|Stuttgart Universität|Stuttgart Schwabstr.|Stuttgart Feuersee|Stuttgart Stadtmitte|Stuttgart Hbf (tief)|Stuttgart-Bad Cannstatt|Stuttgart Neckarpark|Stuttgart-Untertürkheim|Stuttgart-Obertürkheim|Esslingen-Mettingen|Esslingen(Neckar)|Oberesslingen|Esslingen-Zell|Altbach|Plochingen,8006346,Wernau (Neckar),Baden-Württemberg,Wernau (Neckar),73249,9.413654423,48.69417221,4,2605271428,,2605271429,,,,,,,,,,,0.0,0.0
6042905361873535715-2605271346-26,7138,2605271458,2605271459,2,,S,S1,Herrenberg|Nufringen|Gärtringen|Ehningen(b Böblingen)|Hulb|Böblingen|Goldberg(Württ)|Stuttgart-Rohr|Stuttgart-Vaihingen|Stuttgart-Österfeld|Stuttgart Universität|Stuttgart Schwabstr.|Stuttgart Feuersee|Stuttgart Stadtmitte|Stuttgart Hbf (tief)|Stuttgart-Bad Cannstatt|Stuttgart Neckarpark|Stuttgart-Untertürkheim|Stuttgart-Obertürkheim|Esslingen-Mettingen|Esslingen(Neckar)|Oberesslingen|Esslingen-Zell|Altbach|Plochingen,8006346,Wernau (Neckar),Baden-Württemberg,Wernau (Neckar),73249,9.413654423,48.69417221,4,2605271508,,2605271508,,h,1,Störung,,,,,,,10.0,9.0
7236638317671658556-2605271420-4,7141,2605271431,2605271431,1,,S,S1,Kirchheim(Teck)|Kirchheim(Teck)-Ötlingen|Wendlingen(Neckar),8006346,Wernau (Neckar),Baden-Württemberg,Wernau (Neckar),73249,9.413654423,48.69417221,4,2605271431,,2605271431,,h,1,Störung,,,,,,,0.0,0.0
7004552740739658779-2605271350-4,7139,2605271401,2605271401,1,,S,S1,Kirchheim(Teck)|Kirchheim(Teck)-Ötlingen|Wendlingen(Neckar),8006346,Wernau (Neckar),Baden-Württemberg,Wernau (Neckar),73249,9.413654423,48.69417221,4,2605271404,,2605271405,,h,1,Störung,,,,,,,3.0,4.0
6554930112927852478-2605271411-4,7339,2605271419,2605271420,3,,S,S3,Backnang|Maubach|Nellmersbach,8006479,Winnenden,Baden-Württemberg,Winnenden,71364,9.392155928,48.8795625,3,2605271422,,2605271423,,h,1,Störung,,,,,,,3.0,3.0
8170145498793456279-2605271354-4,17531,2605271413,2605271414,2,,RE,MEX90,Stuttgart Hbf|Stuttgart-Bad Cannstatt|Waiblingen,8006479,Winnenden,Baden-Württemberg,Winnenden,71364,9.392155928,48.8795625,3,2605271413,,2605271414,,,,,,,,,,,0.0,0.0
-4213544138721587197-2605271345-15,28332,2605271424,2605271424,2,,S,S3,Stuttgart-Vaihingen|Stuttgart-Österfeld|Stuttgart Universität|Stuttgart Schwabstr.|Stuttgart Feuersee|Stuttgart Stadtmitte|Stuttgart Hbf (tief)|Stuttgart-Bad Cannstatt|Stuttgart Nürnberger Str.|Stuttgart-Sommerrain|Fellbach|Waiblingen|Neustadt-Hohenacker|Schwaikheim,8006479,Winnenden,Baden-Württemberg,Winnenden,71364,9.392155928,48.8795625,3,2605271424,,2605271424,,,,,,,,,,,0.0,0.0
-1157059812177875045-2605271356-4,28333,2605271404,2605271405,3,,S,S3,Backnang|Maubach|Nellmersbach,8006479,Winnenden,Baden-Württemberg,Winnenden,71364,9.392155928,48.8795625,3,2605271405,,2605271405,,h,1,Störung,,,,,,,1.0,0.0
959092593719343738-2605271426-4,28335,2605271434,2605271435,3,,S,S3,Backnang|Maubach|Nellmersbach,8006479,Winnenden,Baden-Württemberg,Winnenden,71364,9.392155928,48.8795625,3,2605271434,,2605271435,,h,1,Störung,,,,,,,0.0,0.0
-7901739776993152202-2605271330-15,7334,2605271409,2605271409,2,,S,S3,Stuttgart-Vaihingen|Stuttgart-Österfeld|Stuttgart Universität|Stuttgart Schwabstr.|Stuttgart Feuersee|Stuttgart Stadtmitte|Stuttgart Hbf (tief)|Stuttgart-Bad Cannstatt|Stuttgart Nürnberger Str.|Stuttgart-Sommerrain|Fellbach|Waiblingen|Neustadt-Hohenacker|Schwaikheim,8006479,Winnenden,Baden-Württemberg,Winnenden,71364,9.392155928,48.8795625,3,2605271409,,2605271410,,,,,,,,,,,0.0,1.0
7968101357330466259-2605271332-8,17536,2605271413,2605271414,3,,RB,MEX19,Gaildorf West|Fichtenberg|Fornsbach|Murrhardt|Sulzbach(Murr)|Oppenweiler(Württ)|Backnang,8006479,Winnenden,Baden-Württemberg,Winnenden,71364,9.392155928,48.8795625,3,2605271417,,2605271419,,,,,,,,,,,4.0,5.0
-8962126915234620710-2605271441-4,7341,2605271449,2605271450,3,,S,S3,Backnang|Maubach|Nellmersbach,8006479,Winnenden,Baden-Württemberg,Winnenden,71364,9.392155928,48.8795625,3,2605271450,,2605271451,,h,1,Störung,,,,,,,1.0,1.0
3573720910347828828-2605271415-15,28334,2605271454,2605271454,2,,S,S3,Stuttgart-Vaihingen|Stuttgart-Österfeld|Stuttgart Universität|Stuttgart Schwabstr.|Stuttgart Feuersee|Stuttgart Stadtmitte|Stuttgart Hbf (tief)|Stuttgart-Bad Cannstatt|Stuttgart Nürnberger Str.|Stuttgart-Sommerrain|Fellbach|Waiblingen|Neustadt-Hohenacker|Schwaikheim,8006479,Winnenden,Baden-Württemberg,Winnenden,71364,9.392155928,48.8795625,3,2605271458,,2605271458,,h,1,Störung,,,,,,,4.0,4.0
2656037465984484316-2605271426-4,17533,2605271444,2605271445,2,,RB,MEX19,Stuttgart Hbf|Stuttgart-Bad Cannstatt|Waiblingen,8006479,Winnenden,Baden-Württemberg,Winnenden,71364,9.392155928,48.8795625,3,2605271445,,2605271446,,,,,,,,,,,1.0,1.0
-8805988878202978923-2605271233-18,89686,2605271443,2605271444,3,,ARV,RE90,Nürnberg Hbf|Roßtal|Heilsbronn|Wicklesgreuth|Ansbach|Leutershausen-Wiedersbach|Dombühl|Schnelldorf|Crailsheim|Eckartshausen-Ilshofen|Schwäbisch Hall-Hessental|Gaildorf West|Fichtenberg|Murrhardt|Sulzbach(Murr)|Oppenweiler(Württ)|Backnang,8006479,Winnenden,Baden-Württemberg,Winnenden,71364,9.392155928,48.8795625,3,2605271443,,2605271445,,h,2,Information,,,,,,,0.0,1.0
-41822505101306185-2605271400-15,7336,2605271439,2605271439,2,,S,S3,Stuttgart-Vaihingen|Stuttgart-Österfeld|Stuttgart Universität|Stuttgart Schwabstr.|Stuttgart Feuersee|Stuttgart Stadtmitte|Stuttgart Hbf (tief)|Stuttgart-Bad Cannstatt|Stuttgart Nürnberger Str.|Stuttgart-Sommerrain|Fellbach|Waiblingen|Neustadt-Hohenacker|Schwaikheim,8006479,Winnenden,Baden-Württemberg,Winnenden,71364,9.392155928,48.8795625,3,2605271440,,2605271441,,h,1,Störung,,,,,,,1.0,2.0
-8630800119482065054-2605271433-3,7837,2605271438,2605271438,1,,S,S2,Schorndorf|Weiler(Rems),8006485,Winterbach (b Schorndorf),Baden-Württemberg,Winterbach,73650,9.481549751,48.79842743,4,2605271438,,2605271438,,h,1,Störung,,,,,,,0.0,0.0
-5065266161330824658-2605271348-25,7836,2605271450,2605271450,2,,S,S2,Filderstadt|Stuttgart Flughafen/Messe|Echterdingen|Leinfelden|Oberaichen|Stuttgart-Rohr|Stuttgart-Vaihingen|Stuttgart-Österfeld|Stuttgart Universität|Stuttgart Schwabstr.|Stuttgart Feuersee|Stuttgart Stadtmitte|Stuttgart Hbf (tief)|Stuttgart-Bad Cannstatt|Stuttgart Nürnberger Str.|Stuttgart-Sommerrain|Fellbach|Waiblingen|Rommelshausen|Stetten-Beinstein|Endersbach|Beutelsbach|Grunbach|Geradstetten,8006485,Winterbach (b Schorndorf),Baden-Württemberg,Winterbach,73650,9.481549751,48.79842743,4,2605271452,,2605271452,,h,1,Störung,,,,,,,2.0,2.0
-955797221433152779-2605271333-25,7234,2605271435,2605271435,2,,S,S2,Filderstadt|Stuttgart Flughafen/Messe|Echterdingen|Leinfelden|Oberaichen|Stuttgart-Rohr|Stuttgart-Vaihingen|Stuttgart-Österfeld|Stuttgart Universität|Stuttgart Schwabstr.|Stuttgart Feuersee|Stuttgart Stadtmitte|Stuttgart Hbf (tief)|Stuttgart-Bad Cannstatt|Stuttgart Nürnberger Str.|Stuttgart-Sommerrain|Fellbach|Waiblingen|Rommelshausen|Stetten-Beinstein|Endersbach|Beutelsbach|Grunbach|Geradstetten,8006485,Winterbach (b Schorndorf),Baden-Württemberg,Winterbach,73650,9.481549751,48.79842743,4,2605271437,,2605271438,,h,1,Störung,,,,,,,2.0,3.0
-5955272615429035569-2605271418-3,7241,2605271423,2605271423,1,,S,S2,Schorndorf|Weiler(Rems),8006485,Winterbach (b Schorndorf),Baden-Württemberg,Winterbach,73650,9.481549751,48.79842743,4,2605271423,,2605271424,,h,1,Störung,,,,,,,0.0,1.0
3892636712455777835-2605271318-25,7834,2605271420,2605271420,2,,S,S2,Filderstadt|Stuttgart Flughafen/Messe|Echterdingen|Leinfelden|Oberaichen|Stuttgart-Rohr|Stuttgart-Vaihingen|Stuttgart-Österfeld|Stuttgart Universität|Stuttgart Schwabstr.|Stuttgart Feuersee|Stuttgart Stadtmitte|Stuttgart Hbf (tief)|Stuttgart-Bad Cannstatt|Stuttgart Nürnberger Str.|Stuttgart-Sommerrain|Fellbach|Waiblingen|Rommelshausen|Stetten-Beinstein|Endersbach|Beutelsbach|Grunbach|Geradstetten,8006485,Winterbach (b Schorndorf),Baden-Württemberg,Winterbach,73650,9.481549751,48.79842743,4,2605271421,,2605271422,,,,,,,,,,,1.0,2.0
7595320018735091452-2605271303-25,7232,2605271405,2605271405,2,,S,S2,Filderstadt|Stuttgart Flughafen/Messe|Echterdingen|Leinfelden|Oberaichen|Stuttgart-Rohr|Stuttgart-Vaihingen|Stuttgart-Österfeld|Stuttgart Universität|Stuttgart Schwabstr.|Stuttgart Feuersee|Stuttgart Stadtmitte|Stuttgart Hbf (tief)|Stuttgart-Bad Cannstatt|Stuttgart Nürnberger Str.|Stuttgart-Sommerrain|Fellbach|Waiblingen|Rommelshausen|Stetten-Beinstein|Endersbach|Beutelsbach|Grunbach|Geradstetten,8006485,Winterbach (b Schorndorf),Baden-Württemberg,Winterbach,73650,9.481549751,48.79842743,4,2605271406,,2605271406,,,,,,,,,,,1.0,1.0
-3934810304618796517-2605271448-3,7243,2605271453,2605271453,1,,S,S2,Schorndorf|Weiler(Rems),8006485,Winterbach (b Schorndorf),Baden-Württemberg,Winterbach,73650,9.481549751,48.79842743,4,2605271453,,2605271453,,h,1,Störung,,,,,,,0.0,0.0
988265121258628834-2605271403-3,7835,2605271408,2605271408,1,,S,S2,Schorndorf|Weiler(Rems),8006485,Winterbach (b Schorndorf),Baden-Württemberg,Winterbach,73650,9.481549751,48.79842743,4,2605271409,,2605271410,,h,1,Störung,,,,,,,1.0,2.0
436949091827174438-2605271404-5,7037,2605271413,2605271414,1,,S,S60,Böblingen|Sindelfingen|Maichingen|Maichingen Nord,8003807,Magstadt,Baden-Württemberg,Magstadt,71106,8.965315746,48.73616033,6,2605271414,,2605271414,,,,,,,,,,,1.0,0.0
4948280059783217587-2605271409-3,7038,2605271415,2605271415,2,,S,S60,Renningen|Renningen Süd,8003807,Magstadt,Baden-Württemberg,Magstadt,71106,8.965315746,48.73616033,6,2605271419,,2605271419,,,,,,,,,,,4.0,4.0
-3747023062711209303-2605271434-5,7039,2605271443,2605271444,1,,S,S60,Böblingen|Sindelfingen|Maichingen|Maichingen Nord,8003807,Magstadt,Baden-Württemberg,Magstadt,71106,8.965315746,48.73616033,6,2605271533,,2605271534,,,,,,,Böblingen|Sindelfingen|Maichingen|Maichingen Nord,Renningen Süd|Renningen,,,50.0,50.0
4237730382828493151-2605271439-3,7040,2605271445,2605271445,2,,S,S60,Renningen|Renningen Süd,8003807,Magstadt,Baden-Württemberg,Magstadt,71106,8.965315746,48.73616033,6,2605271447,,2605271457,,,,,,,,,,,2.0,12.0
436949091827174438-2605271404-4,7037,2605271411,2605271411,1,,S,S60,Böblingen|Sindelfingen|Maichingen,8003834,Maichingen Nord,Baden-Württemberg,Sindelfingen,71069,8.979416996,48.72750392,5,2605271412,,2605271412,,,,,,,,,,,1.0,1.0
4948280059783217587-2605271409-4,7038,2605271417,2605271417,2,,S,S60,Renningen|Renningen Süd|Magstadt,8003834,Maichingen Nord,Baden-Württemberg,Sindelfingen,71069,8.979416996,48.72750392,5,2605271421,,2605271421,,,,,,,,,,,4.0,4.0
-3747023062711209303-2605271434-4,7039,2605271441,2605271441,1,,S,S60,Böblingen|Sindelfingen|Maichingen,8003834,Maichingen Nord,Baden-Württemberg,Sindelfingen,71069,8.979416996,48.72750392,5,2605271531,,2605271531,,,,,,,Böblingen|Sindelfingen|Maichingen,Magstadt|Renningen Süd|Renningen,,,50.0,50.0
4237730382828493151-2605271439-4,7040,2605271447,2605271447,2,,S,S60,Renningen|Renningen Süd|Magstadt,8003834,Maichingen Nord,Baden-Württemberg,Sindelfingen,71069,8.979416996,48.72750392,5,2605271521,,2605271522,,,,,,,Renningen|Renningen Süd|Magstadt,Maichingen|Sindelfingen|Böblingen,c,c,34.0,35.0
436949091827174438-2605271404-3,7037,2605271409,2605271410,1,,S,S60,Böblingen|Sindelfingen,8003808,Maichingen,Baden-Württemberg,Sindelfingen,71069,8.969606704,48.72162074,6,2605271410,,2605271411,,,,,,,,,,,1.0,1.0
4948280059783217587-2605271409-5,7038,2605271419,2605271419,1,,S,S60,Renningen|Renningen Süd|Magstadt|Maichingen Nord,8003808,Maichingen,Baden-Württemberg,Sindelfingen,71069,8.969606704,48.72162074,6,2605271422,,2605271423,,,,,,,,,,,3.0,4.0
-3747023062711209303-2605271434-3,7039,2605271439,2605271440,1,,S,S60,Böblingen|Sindelfingen,8003808,Maichingen,Baden-Württemberg,Sindelfingen,71069,8.969606704,48.72162074,6,2605271529,,2605271530,,,,,,,Böblingen|Sindelfingen,Maichingen Nord|Magstadt|Renningen Süd|Renningen,,,50.0,50.0
4237730382828493151-2605271439-5,7040,2605271449,2605271449,1,,S,S60,Renningen|Renningen Süd|Magstadt|Maichingen Nord,8003808,Maichingen,Baden-Württemberg,Sindelfingen,71069,8.969606704,48.72162074,6,2605271523,,2605271524,,,,,,,Renningen|Renningen Süd|Magstadt|Maichingen Nord,Sindelfingen|Böblingen,c,c,34.0,35.0
436949091827174438-2605271404-6,7037,2605271417,2605271418,1,,S,S60,Böblingen|Sindelfingen|Maichingen|Maichingen Nord|Magstadt,8005001,Renningen Süd,Baden-Württemberg,Renningen,71272,8.932068278,48.76261937,6,2605271418,,2605271418,,,,,,,,,,,1.0,0.0
4948280059783217587-2605271409-2,7038,2605271411,2605271411,2,,S,S60,Renningen,8005001,Renningen Süd,Baden-Württemberg,Renningen,71272,8.932068278,48.76261937,6,2605271415,,2605271415,,,,,,,,,,,4.0,4.0
-3747023062711209303-2605271434-6,7039,2605271447,2605271448,1,,S,S60,Böblingen|Sindelfingen|Maichingen|Maichingen Nord|Magstadt,8005001,Renningen Süd,Baden-Württemberg,Renningen,71272,8.932068278,48.76261937,6,2605271537,,2605271538,,,,,,,Böblingen|Sindelfingen|Maichingen|Maichingen Nord|Magstadt,Renningen,,,50.0,50.0
4237730382828493151-2605271439-2,7040,2605271441,2605271441,2,,S,S60,Renningen,8005001,Renningen Süd,Baden-Württemberg,Renningen,71272,8.932068278,48.76261937,6,2605271443,,2605271444,,,,,,,,,,,2.0,3.0
-973893879459034223-2605271418-13,7838,2605271450,2605271450,102,,S,S2,Filderstadt|Stuttgart Flughafen/Messe|Echterdingen|Leinfelden|Oberaichen|Stuttgart-Rohr|Stuttgart-Vaihingen|Stuttgart-Österfeld|Stuttgart Universität|Stuttgart Schwabstr.|Stuttgart Feuersee|Stuttgart Stadtmitte,8098096,Stuttgart Hbf (tief),Baden-Württemberg,Stuttgart,70173,9.180228831,48.78338649,1,2605271451,,2605271451,,h,1,Störung,,,,,,,1.0,1.0
6554930112927852478-2605271411-12,7339,2605271445,2605271445,101,,S,S3,Backnang|Maubach|Nellmersbach|Winnenden|Schwaikheim|Neustadt-Hohenacker|Waiblingen|Fellbach|Stuttgart-Sommerrain|Stuttgart Nürnberger Str.|Stuttgart-Bad Cannstatt,8098096,Stuttgart Hbf (tief),Baden-Württemberg,Stuttgart,70173,9.180228831,48.78338649,1,2605271457,,2605271458,,h,1,Störung,,,,,,,12.0,13.0
7993369286273643102-2605271340-10,28401,2605271407,2605271408,101,,S,S4,Marbach(Neckar)|Benningen(Neckar)|Freiberg(Neckar)|Favoritepark|Ludwigsburg|Kornwestheim Pbf|Stuttgart-Zuffenhausen|Stuttgart-Feuerbach|Stuttgart Nordbahnhof,8098096,Stuttgart Hbf (tief),Baden-Württemberg,Stuttgart,70173,9.180228831,48.78338649,1,2605271407,,2605271408,,h,1,Störung,,,,,c,c,0.0,0.0
-5065266161330824658-2605271348-13,7836,2605271420,2605271420,102,,S,S2,Filderstadt|Stuttgart Flughafen/Messe|Echterdingen|Leinfelden|Oberaichen|Stuttgart-Rohr|Stuttgart-Vaihingen|Stuttgart-Österfeld|Stuttgart Universität|Stuttgart Schwabstr.|Stuttgart Feuersee|Stuttgart Stadtmitte,8098096,Stuttgart Hbf (tief),Baden-Württemberg,Stuttgart,70173,9.180228831,48.78338649,1,2605271421,,2605271421,,h,1,Störung,,,,,,,1.0,1.0
-955797221433152779-2605271333-13,7234,2605271405,2605271405,102,,S,S2,Filderstadt|Stuttgart Flughafen/Messe|Echterdingen|Leinfelden|Oberaichen|Stuttgart-Rohr|Stuttgart-Vaihingen|Stuttgart-Österfeld|Stuttgart Universität|Stuttgart Schwabstr.|Stuttgart Feuersee|Stuttgart Stadtmitte,8098096,Stuttgart Hbf (tief),Baden-Württemberg,Stuttgart,70173,9.180228831,48.78338649,1,2605271406,,2605271407,,h,1,Störung,,,,,,,1.0,2.0
-4213544138721587197-2605271345-7,28332,2605271400,2605271400,102,,S,S3,Stuttgart-Vaihingen|Stuttgart-Österfeld|Stuttgart Universität|Stuttgart Schwabstr.|Stuttgart Feuersee|Stuttgart Stadtmitte,8098096,Stuttgart Hbf (tief),Baden-Württemberg,Stuttgart,70173,9.180228831,48.78338649,1,2605271400,,2605271401,,,,,,,,,,,0.0,1.0
-1157059812177875045-2605271356-12,28333,2605271430,2605271430,101,,S,S3,Backnang|Maubach|Nellmersbach|Winnenden|Schwaikheim|Neustadt-Hohenacker|Waiblingen|Fellbach|Stuttgart-Sommerrain|Stuttgart Nürnberger Str.|Stuttgart-Bad Cannstatt,8098096,Stuttgart Hbf (tief),Baden-Württemberg,Stuttgart,70173,9.180228831,48.78338649,1,2605271448,,2605271449,,h,1,Störung,,,,,,,18.0,19.0
-4819270473812152373-2605271417-4,28406,2605271422,2605271423,102,,S,S4,Stuttgart Schwabstr.|Stuttgart Feuersee|Stuttgart Stadtmitte,8098096,Stuttgart Hbf (tief),Baden-Württemberg,Stuttgart,70173,9.180228831,48.78338649,1,2605271435,,2605271436,,h,1,Störung,,,,,,,13.0,13.0
-1478657606619347355-2605271352-11,7739,2605271420,2605271420,101,,S,S1,Plochingen|Altbach|Esslingen-Zell|Oberesslingen|Esslingen(Neckar)|Esslingen-Mettingen|Stuttgart-Obertürkheim|Stuttgart-Untertürkheim|Stuttgart Neckarpark|Stuttgart-Bad Cannstatt,8098096,Stuttgart Hbf (tief),Baden-Württemberg,Stuttgart,70173,9.180228831,48.78338649,1,2605271434,,2605271435,,h,1,Störung,,,,,,,14.0,15.0
6042905361873535715-2605271346-15,7138,2605271425,2605271425,102,,S,S1,Herrenberg|Nufringen|Gärtringen|Ehningen(b Böblingen)|Hulb|Böblingen|Goldberg(Württ)|Stuttgart-Rohr|Stuttgart-Vaihingen|Stuttgart-Österfeld|Stuttgart Universität|Stuttgart Schwabstr.|Stuttgart Feuersee|Stuttgart Stadtmitte,8098096,Stuttgart Hbf (tief),Baden-Württemberg,Stuttgart,70173,9.180228831,48.78338649,1,2605271438,,2605271438,,h,1,Störung,,,,,,,13.0,13.0
-5955272615429035569-2605271418-15,7241,2605271455,2605271455,101,,S,S2,Schorndorf|Weiler(Rems)|Winterbach(b Schorndorf)|Geradstetten|Grunbach|Beutelsbach|Endersbach|Stetten-Beinstein|Rommelshausen|Waiblingen|Fellbach|Stuttgart-Sommerrain|Stuttgart Nürnberger Str.|Stuttgart-Bad Cannstatt,8098096,Stuttgart Hbf (tief),Baden-Württemberg,Stuttgart,70173,9.180228831,48.78338649,1,2605271459,,2605271500,,h,1,Störung,,,,,,,4.0,5.0
-8059892926335795903-2605271348-15,7239,2605271425,2605271425,101,,S,S2,Schorndorf|Weiler(Rems)|Winterbach(b Schorndorf)|Geradstetten|Grunbach|Beutelsbach|Endersbach|Stetten-Beinstein|Rommelshausen|Waiblingen|Fellbach|Stuttgart-Sommerrain|Stuttgart Nürnberger Str.|Stuttgart-Bad Cannstatt,8098096,Stuttgart Hbf (tief),Baden-Württemberg,Stuttgart,70173,9.180228831,48.78338649,1,2605271446,,2605271447,,h,1,Störung,,,,,,,21.0,22.0
7922855139158603560-2605271407-9,7539,2605271432,2605271433,101,,S,S5,Bietigheim-Bissingen|Tamm(Württ)|Asperg|Ludwigsburg|Kornwestheim Pbf|Stuttgart-Zuffenhausen|Stuttgart-Feuerbach|Stuttgart Nordbahnhof,8098096,Stuttgart Hbf (tief),Baden-Württemberg,Stuttgart,70173,9.180228831,48.78338649,1,2605271436,,2605271437,,h,1,Störung,,,,,,,4.0,4.0
-2716364704866871625-2605271410-10,28403,2605271437,2605271438,101,,S,S4,Marbach(Neckar)|Benningen(Neckar)|Freiberg(Neckar)|Favoritepark|Ludwigsburg|Kornwestheim Pbf|Stuttgart-Zuffenhausen|Stuttgart-Feuerbach|Stuttgart Nordbahnhof,8098096,Stuttgart Hbf (tief),Baden-Württemberg,Stuttgart,70173,9.180228831,48.78338649,1,2605271440,,2605271441,,h,1,Störung,,,,,,,3.0,3.0
5941834571298649161-2605271320-15,7137,2605271405,2605271405,101,,S,S1,Kirchheim(Teck)|Kirchheim(Teck)-Ötlingen|Wendlingen(Neckar)|Wernau(Neckar)|Plochingen|Altbach|Esslingen-Zell|Oberesslingen|Esslingen(Neckar)|Esslingen-Mettingen|Stuttgart-Obertürkheim|Stuttgart-Untertürkheim|Stuttgart Neckarpark|Stuttgart-Bad Cannstatt,8098096,Stuttgart Hbf (tief),Baden-Württemberg,Stuttgart,70173,9.180228831,48.78338649,1,2605271424,,2605271425,,h,1,Störung,,,,,c,c,19.0,20.0
4534703989086356326-2605271341-12,7337,2605271415,2605271415,101,,S,S3,Backnang|Maubach|Nellmersbach|Winnenden|Schwaikheim|Neustadt-Hohenacker|Waiblingen|Fellbach|Stuttgart-Sommerrain|Stuttgart Nürnberger Str.|Stuttgart-Bad Cannstatt,8098096,Stuttgart Hbf (tief),Baden-Württemberg,Stuttgart,70173,9.180228831,48.78338649,1,2605271438,,2605271439,,h,1,Störung,,,,,,,23.0,24.0
-5789469067235984637-2605271430-7,7338,2605271445,2605271445,102,,S,S3,Stuttgart-Vaihingen|Stuttgart-Österfeld|Stuttgart Universität|Stuttgart Schwabstr.|Stuttgart Feuersee|Stuttgart Stadtmitte,8098096,Stuttgart Hbf (tief),Baden-Württemberg,Stuttgart,70173,9.180228831,48.78338649,1,2605271447,,2605271448,,h,1,Störung,,,,,,,2.0,3.0
-6549272114727686147-2605271403-14,7439,2605271452,2605271453,101,,S,S4,Backnang|Burgstall(Murr)|Kirchberg(Murr)|Erdmannhausen|Marbach(Neckar)|Benningen(Neckar)|Freiberg(Neckar)|Favoritepark|Ludwigsburg|Kornwestheim Pbf|Stuttgart-Zuffenhausen|Stuttgart-Feuerbach|Stuttgart Nordbahnhof,8098096,Stuttgart Hbf (tief),Baden-Württemberg,Stuttgart,70173,9.180228831,48.78338649,1,2605271506,,2605271507,,h,1,Störung,,,,,c,c,14.0,14.0
-5316665284018315725-2605271412-4,7636,2605271417,2605271418,102,,S,S6,Stuttgart Schwabstr.|Stuttgart Feuersee|Stuttgart Stadtmitte,8098096,Stuttgart Hbf (tief),Baden-Württemberg,Stuttgart,70173,9.180228831,48.78338649,1,2605271418,,2605271419,,h,1,Störung,,,,,,,1.0,1.0
-8943419019566147367-2605271452-4,7540,2605271457,2605271458,102,,S,S5,Stuttgart Schwabstr.|Stuttgart Feuersee|Stuttgart Stadtmitte,8098096,Stuttgart Hbf (tief),Baden-Württemberg,Stuttgart,70173,9.180228831,48.78338649,1,2605271459,,2605271459,,h,1,Störung,,,,,,,2.0,1.0
6483046306664196939-2605271437-4,28474,2605271442,2605271443,102,,S,S5,Stuttgart Schwabstr.|Stuttgart Feuersee|Stuttgart Stadtmitte,8098096,Stuttgart Hbf (tief),Baden-Württemberg,Stuttgart,70173,9.180228831,48.78338649,1,2605271442,,2605271443,,h,1,Störung,,,,,c,c,0.0,0.0
-6501025132250133137-2605271432-4,7436,2605271437,2605271438,102,,S,S4,Stuttgart Schwabstr.|Stuttgart Feuersee|Stuttgart Stadtmitte,8098096,Stuttgart Hbf (tief),Baden-Württemberg,Stuttgart,70173,9.180228831,48.78338649,1,2605271437,,2605271438,,h,1,Störung,,,,,c,c,0.0,0.0
-2744660321086161380-2605271422-9,28475,2605271447,2605271448,101,,S,S5,Bietigheim-Bissingen|Tamm(Württ)|Asperg|Ludwigsburg|Kornwestheim Pbf|Stuttgart-Zuffenhausen|Stuttgart-Feuerbach|Stuttgart Nordbahnhof,8098096,Stuttgart Hbf (tief),Baden-Württemberg,Stuttgart,70173,9.180228831,48.78338649,1,2605271453,,2605271454,,h,1,Störung,,,,,,,6.0,6.0
4368264823792479342-2605271416-15,7140,2605271455,2605271455,102,,S,S1,Herrenberg|Nufringen|Gärtringen|Ehningen(b Böblingen)|Hulb|Böblingen|Goldberg(Württ)|Stuttgart-Rohr|Stuttgart-Vaihingen|Stuttgart-Österfeld|Stuttgart Universität|Stuttgart Schwabstr.|Stuttgart Feuersee|Stuttgart Stadtmitte,8098096,Stuttgart Hbf (tief),Baden-Württemberg,Stuttgart,70173,9.180228831,48.78338649,1,2605271456,,2605271457,,h,1,Störung,,,,,,,1.0,2.0
-6618548157105238962-2605271333-14,7637,2605271412,2605271413,101,,S,S6,Weil der Stadt|Malmsheim|Renningen|Rutesheim|Leonberg|Höfingen|Ditzingen|Weilimdorf|Korntal|Neuwirtshaus(Porscheplatz)|Stuttgart-Zuffenhausen|Stuttgart-Feuerbach|Stuttgart Nordbahnhof,8098096,Stuttgart Hbf (tief),Baden-Württemberg,Stuttgart,70173,9.180228831,48.78338649,1,2605271412,,2605271413,,h,1,Störung,,,,,c,c,0.0,0.0
988265121258628834-2605271403-15,7835,2605271440,2605271440,101,,S,S2,Schorndorf|Weiler(Rems)|Winterbach(b Schorndorf)|Geradstetten|Grunbach|Beutelsbach|Endersbach|Stetten-Beinstein|Rommelshausen|Waiblingen|Fellbach|Stuttgart-Sommerrain|Stuttgart Nürnberger Str.|Stuttgart-Bad Cannstatt,8098096,Stuttgart Hbf (tief),Baden-Württemberg,Stuttgart,70173,9.180228831,48.78338649,1,2605271451,,2605271452,,h,1,Störung,,,,,,,11.0,12.0
1310498941862652561-2605271402-4,7434,2605271407,2605271408,102,,S,S4,Stuttgart Schwabstr.|Stuttgart Feuersee|Stuttgart Stadtmitte,8098096,Stuttgart Hbf (tief),Baden-Württemberg,Stuttgart,70173,9.180228831,48.78338649,1,2605271409,,2605271410,,h,1,Störung,,,,,,,2.0,2.0
-3527222447454651750-2605271326-12,28331,2605271400,2605271400,101,,S,S3,Backnang|Maubach|Nellmersbach|Winnenden|Schwaikheim|Neustadt-Hohenacker|Waiblingen|Fellbach|Stuttgart-Sommerrain|Stuttgart Nürnberger Str.|Stuttgart-Bad Cannstatt,8098096,Stuttgart Hbf (tief),Baden-Württemberg,Stuttgart,70173,9.180228831,48.78338649,1,2605271400,,2605271400,,h,1,Störung,,,,,,,0.0,0.0
3573720910347828828-2605271415-7,28334,2605271430,2605271430,102,,S,S3,Stuttgart-Vaihingen|Stuttgart-Österfeld|Stuttgart Universität|Stuttgart Schwabstr.|Stuttgart Feuersee|Stuttgart Stadtmitte,8098096,Stuttgart Hbf (tief),Baden-Württemberg,Stuttgart,70173,9.180228831,48.78338649,1,2605271432,,2605271433,,h,1,Störung,,,,,,,2.0,3.0
-2205886530121673447-2605271337-9,7537,2605271402,2605271403,101,,S,S5,Bietigheim-Bissingen|Tamm(Württ)|Asperg|Ludwigsburg|Kornwestheim Pbf|Stuttgart-Zuffenhausen|Stuttgart-Feuerbach|Stuttgart Nordbahnhof,8098096,Stuttgart Hbf (tief),Baden-Württemberg,Stuttgart,70173,9.180228831,48.78338649,1,2605271403,,2605271421,,h,1,Störung,,,,,,,1.0,18.0
-7476481686954670934-2605271403-13,7236,2605271435,2605271435,102,,S,S2,Filderstadt|Stuttgart Flughafen/Messe|Echterdingen|Leinfelden|Oberaichen|Stuttgart-Rohr|Stuttgart-Vaihingen|Stuttgart-Österfeld|Stuttgart Universität|Stuttgart Schwabstr.|Stuttgart Feuersee|Stuttgart Stadtmitte,8098096,Stuttgart Hbf (tief),Baden-Württemberg,Stuttgart,70173,9.180228831,48.78338649,1,2605271440,,2605271440,,h,1,Störung,,,,,,,5.0,5.0
-5265875940213227637-2605271352-9,28473,2605271417,2605271418,101,,S,S5,Bietigheim-Bissingen|Tamm(Württ)|Asperg|Ludwigsburg|Kornwestheim Pbf|Stuttgart-Zuffenhausen|Stuttgart-Feuerbach|Stuttgart Nordbahnhof,8098096,Stuttgart Hbf (tief),Baden-Württemberg,Stuttgart,70173,9.180228831,48.78338649,1,2605271419,,2605271419,,h,1,Störung,,,,,c,c,2.0,1.0
-1448566218874371491-2605271401-15,7736,2605271440,2605271440,102,,S,S1,Herrenberg|Nufringen|Gärtringen|Ehningen(b Böblingen)|Hulb|Böblingen|Goldberg(Württ)|Stuttgart-Rohr|Stuttgart-Vaihingen|Stuttgart-Österfeld|Stuttgart Universität|Stuttgart Schwabstr.|Stuttgart Feuersee|Stuttgart Stadtmitte,8098096,Stuttgart Hbf (tief),Baden-Württemberg,Stuttgart,70173,9.180228831,48.78338649,1,2605271445,,2605271445,,h,1,Störung,,,,,,,5.0,5.0
3618335699656372385-2605271333-14,7437,2605271422,2605271423,101,,S,S4,Backnang|Burgstall(Murr)|Kirchberg(Murr)|Erdmannhausen|Marbach(Neckar)|Benningen(Neckar)|Freiberg(Neckar)|Favoritepark|Ludwigsburg|Kornwestheim Pbf|Stuttgart-Zuffenhausen|Stuttgart-Feuerbach|Stuttgart Nordbahnhof,8098096,Stuttgart Hbf (tief),Baden-Württemberg,Stuttgart,70173,9.180228831,48.78338649,1,2605271425,,2605271426,,h,1,Störung,,,,,c,c,3.0,3.0
-5854173668816466816-2605271447-4,28408,2605271452,2605271453,102,,S,S4,Stuttgart Schwabstr.|Stuttgart Feuersee|Stuttgart Stadtmitte,8098096,Stuttgart Hbf (tief),Baden-Württemberg,Stuttgart,70173,9.180228831,48.78338649,1,2605271454,,2605271454,,h,1,Störung,,,,,,,2.0,1.0
-1936486939046904827-2605271331-15,7734,2605271410,2605271410,102,,S,S1,Herrenberg|Nufringen|Gärtringen|Ehningen(b Böblingen)|Hulb|Böblingen|Goldberg(Württ)|Stuttgart-Rohr|Stuttgart-Vaihingen|Stuttgart-Österfeld|Stuttgart Universität|Stuttgart Schwabstr.|Stuttgart Feuersee|Stuttgart Stadtmitte,8098096,Stuttgart Hbf (tief),Baden-Württemberg,Stuttgart,70173,9.180228831,48.78338649,1,2605271428,,2605271428,,h,1,Störung,,,,,p,p,18.0,18.0
-3722178580889207774-2605271422-11,7741,2605271450,2605271450,101,,S,S1,Plochingen|Altbach|Esslingen-Zell|Oberesslingen|Esslingen(Neckar)|Esslingen-Mettingen|Stuttgart-Obertürkheim|Stuttgart-Untertürkheim|Stuttgart Neckarpark|Stuttgart-Bad Cannstatt,8098096,Stuttgart Hbf (tief),Baden-Württemberg,Stuttgart,70173,9.180228831,48.78338649,1,2605271455,,2605271455,,h,1,Störung,,,,,,,5.0,5.0
-2645153808296859604-2605271403-14,7639,2605271442,2605271443,101,,S,S6,Weil der Stadt|Malmsheim|Renningen|Rutesheim|Leonberg|Höfingen|Ditzingen|Weilimdorf|Korntal|Neuwirtshaus(Porscheplatz)|Stuttgart-Zuffenhausen|Stuttgart-Feuerbach|Stuttgart Nordbahnhof,8098096,Stuttgart Hbf (tief),Baden-Württemberg,Stuttgart,70173,9.180228831,48.78338649,1,2605271450,,2605271450,,h,1,Störung,,,,,c,c,8.0,7.0
5479979498154291155-2605271422-4,7538,2605271427,2605271428,102,,S,S5,Stuttgart Schwabstr.|Stuttgart Feuersee|Stuttgart Stadtmitte,8098096,Stuttgart Hbf (tief),Baden-Württemberg,Stuttgart,70173,9.180228831,48.78338649,1,2605271427,,2605271428,,h,1,Störung,,,,,c,c,0.0,0.0
5781587679873257611-2605271333-15,7833,2605271410,2605271410,101,,S,S2,Schorndorf|Weiler(Rems)|Winterbach(b Schorndorf)|Geradstetten|Grunbach|Beutelsbach|Endersbach|Stetten-Beinstein|Rommelshausen|Waiblingen|Fellbach|Stuttgart-Sommerrain|Stuttgart Nürnberger Str.|Stuttgart-Bad Cannstatt,8098096,Stuttgart Hbf (tief),Baden-Württemberg,Stuttgart,70173,9.180228831,48.78338649,1,2605271439,,2605271440,,h,1,Störung,,,Schorndorf|Weiler(Rems)|Winterbach(b Schorndorf)|Geradstetten|Grunbach|Beutelsbach|Endersbach|Stetten-Beinstein|Rommelshausen|Waiblingen|Fellbach|Stuttgart-Sommerrain|Stuttgart Nürnberger Str.|Stuttgart-Bad Cannstatt,Stuttgart Stadtmitte|Stuttgart Feuersee|Stuttgart Schwabstr.|Stuttgart Universität|Stuttgart-Österfeld|Stuttgart-Vaihingen|Stuttgart-Rohr|Oberaichen|Leinfelden|Echterdingen|Stuttgart Flughafen/Messe|Filderstadt,c,c,29.0,30.0
-5544791981213765004-2605271442-4,7638,2605271447,2605271448,102,,S,S6,Stuttgart Schwabstr.|Stuttgart Feuersee|Stuttgart Stadtmitte,8098096,Stuttgart Hbf (tief),Baden-Württemberg,Stuttgart,70173,9.180228831,48.78338649,1,,,,,h,1,Störung,,,,,c,c,0.0,0.0
7004552740739658779-2605271350-15,7139,2605271435,2605271435,101,,S,S1,Kirchheim(Teck)|Kirchheim(Teck)-Ötlingen|Wendlingen(Neckar)|Wernau(Neckar)|Plochingen|Altbach|Esslingen-Zell|Oberesslingen|Esslingen(Neckar)|Esslingen-Mettingen|Stuttgart-Obertürkheim|Stuttgart-Untertürkheim|Stuttgart Neckarpark|Stuttgart-Bad Cannstatt,8098096,Stuttgart Hbf (tief),Baden-Württemberg,Stuttgart,70173,9.180228831,48.78338649,1,2605271443,,2605271444,,h,1,Störung,,,,,,,8.0,9.0
-41822505101306185-2605271400-7,7336,2605271415,2605271415,102,,S,S3,Stuttgart-Vaihingen|Stuttgart-Österfeld|Stuttgart Universität|Stuttgart Schwabstr.|Stuttgart Feuersee|Stuttgart Stadtmitte,8098096,Stuttgart Hbf (tief),Baden-Württemberg,Stuttgart,70173,9.180228831,48.78338649,1,2605271415,,2605271417,,h,1,Störung,,,,,,,0.0,2.0
5825878238612075562-2605271407-4,28472,2605271412,2605271413,102,,S,S5,Stuttgart Schwabstr.|Stuttgart Feuersee|Stuttgart Stadtmitte,8098096,Stuttgart Hbf (tief),Baden-Württemberg,Stuttgart,70173,9.180228831,48.78338649,1,2605271412,,2605271413,,h,1,Störung,,,,,,,0.0,0.0
